speaker	stance	indefArt	defArt	questionmark	comma	exclamationmark	period	ipron	ppron	firstPPron	secondPPron	thirdPPron	singPPron	plurPPron	pronoun	conj	function_word	prep	nonflu	filler	swear	tentat	differ	discrep	certain	auxverb
Coburn	2	1	0	0	1	0	1	0	1	1	1	0	1	0	1	0	1	1	1	0	0	0	1	0	0	1
Coburn	0	0	0	0	0	0	0	0	0	0	0	0	0	0	0	0	0	0	1	0	0	0	0	0	0	0
Coburn	1	0	1	0	0	0	0	0	1	1	0	0	1	1	1	0	1	1	0	0	0	1	0	1	0	1
Coburn	1	0	1	0	0	0	0	0	1	0	0	0	0	0	1	1	1	0	0	0	0	0	0	0	0	0
Coburn	1	0	1	0	0	0	1	0	1	0	0	0	0	0	1	0	1	1	0	0	0	1	0	0	0	0
Coburn	1	1	1	0	1	0	0	1	1	1	1	0	1	1	1	1	1	1	1	0	0	0	1	1	1	1
Coburn	1	0	1	0	0	0	1	1	1	1	0	0	0	1	1	1	1	1	0	0	0	0	1	1	1	1
Coburn	0	1	0	0	1	0	1	1	1	1	1	0	1	0	1	0	1	1	1	0	0	1	1	0	0	1
Coburn	0	0	1	1	1	0	0	1	1	0	1	0	1	0	1	1	1	1	0	0	0	0	1	0	1	1
Coburn	2	0	0	1	1	0	0	1	1	0	0	1	0	1	1	0	1	1	0	0	0	1	1	1	1	1
Coburn	0	0	0	0	0	0	1	0	0	0	0	0	0	0	0	0	0	0	0	0	0	0	0	0	0	0
Coburn	0	0	1	1	1	0	0	1	1	1	1	0	1	1	1	1	1	1	1	0	0	1	1	0	0	1
Coburn	2	0	0	0	0	0	0	1	1	0	1	0	1	0	1	1	1	0	0	0	0	1	1	1	1	1
Coburn	2	0	0	0	0	0	0	1	1	0	1	0	1	0	1	0	1	0	0	0	0	0	1	0	0	1
Coburn	2	0	0	0	0	0	0	0	0	0	0	0	0	0	0	1	1	1	0	0	0	1	1	0	0	0
Coburn	1	0	0	1	0	0	0	0	0	0	0	0	0	0	0	1	1	1	1	0	0	1	1	0	0	0
Coburn	0	0	0	0	0	0	1	0	1	0	1	0	1	0	1	0	1	0	0	0	0	0	0	0	1	1
Coburn	1	0	1	0	1	0	0	0	1	0	1	0	1	0	1	0	1	1	1	0	0	0	0	0	0	1
Coburn	0	0	0	0	1	0	1	0	0	0	0	0	0	0	0	0	0	0	0	0	0	0	0	0	0	0
Coburn	0	1	0	0	0	0	1	0	0	0	0	0	0	0	0	0	1	1	0	0	0	0	0	0	0	1
Coburn	0	0	1	0	1	0	0	0	1	1	0	0	0	1	1	1	1	1	0	0	0	0	0	0	0	1
Coburn	0	0	0	0	0	0	1	1	0	0	0	0	0	0	1	1	1	1	0	0	0	0	1	0	1	1
Coburn	0	1	0	0	1	0	0	1	1	1	0	0	0	1	1	1	1	1	0	0	0	0	0	0	0	1
Coburn	0	1	0	0	0	0	0	0	0	0	0	0	0	0	0	0	1	1	0	0	0	0	0	0	0	0
Coburn	0	1	0	0	0	0	1	0	0	0	0	0	0	0	0	1	1	1	0	0	0	1	0	0	0	0
Coburn	0	1	1	1	1	0	0	1	1	0	1	0	1	0	1	1	1	1	1	0	0	1	1	0	0	1
Coburn	0	0	0	0	0	0	1	0	0	0	0	0	0	0	0	0	0	0	0	0	0	0	0	0	0	0
Coburn	0	1	0	1	0	0	0	1	0	0	0	0	0	0	1	0	1	1	0	0	0	1	1	0	0	1
Coburn	0	0	0	1	0	0	1	1	0	0	0	0	0	0	1	1	1	1	0	0	0	1	1	0	1	1
Coburn	1	0	0	1	0	0	0	1	1	1	1	0	1	1	1	0	1	1	0	0	0	0	1	1	0	1
Coburn	1	0	0	0	1	0	1	0	1	0	1	0	1	0	1	1	1	0	0	0	0	1	1	1	0	1
Coburn	0	0	0	0	0	0	1	0	0	0	0	0	0	0	0	0	0	0	1	0	0	0	0	0	0	0
Coburn	0	0	0	0	0	0	1	0	0	0	0	0	0	0	0	0	0	0	0	0	0	0	0	0	0	0
Coburn	0	1	0	1	1	0	0	0	1	0	1	0	1	0	1	1	1	0	1	0	0	0	1	1	0	1
Coburn	0	0	1	1	0	0	0	0	1	0	0	0	0	0	1	0	1	1	0	0	0	0	0	0	0	1
Coburn	0	0	1	0	1	0	1	0	1	0	0	0	0	0	1	0	1	1	1	0	0	0	0	0	0	0
Coburn	1	1	0	0	1	0	1	0	1	1	1	0	1	0	1	1	1	1	1	0	0	1	0	0	0	1
Coburn	0	0	1	1	1	0	0	0	1	0	1	0	1	0	1	0	1	1	0	0	0	0	1	1	1	1
Coburn	0	0	0	1	1	0	0	1	1	0	1	0	1	0	1	0	1	1	1	0	0	0	0	1	0	1
Coburn	0	0	0	0	0	0	1	0	0	0	0	0	0	0	0	0	0	0	0	0	0	0	0	0	0	0
Coburn	0	1	0	0	1	0	1	0	1	1	0	0	1	1	1	0	1	1	1	0	0	1	0	0	0	1
Coburn	0	0	1	1	0	0	0	1	1	0	0	0	0	0	1	0	1	1	0	0	0	1	1	0	1	1
Coburn	0	0	0	0	0	0	1	0	0	0	0	0	0	0	0	0	0	0	0	0	0	0	0	0	1	0
Coburn	2	0	0	0	1	0	0	1	1	1	0	0	1	1	1	0	1	1	1	0	0	1	0	1	0	1
Coburn	2	0	0	0	1	0	1	0	1	0	1	0	1	0	1	1	1	0	1	0	0	1	1	1	1	1
Coburn	0	1	1	1	0	0	0	0	1	0	1	0	1	0	1	0	1	1	0	0	0	0	1	0	0	1
Coburn	2	0	0	0	1	0	1	1	1	1	0	0	1	0	1	0	1	0	1	0	0	0	0	0	1	1
Coburn	1	1	1	0	1	0	1	1	1	1	1	0	1	1	1	0	1	1	1	0	0	1	0	0	1	1
Coburn	1	0	1	0	0	0	1	1	1	0	1	0	1	0	1	1	1	1	1	0	0	1	0	0	0	1
Coburn	0	0	0	0	0	0	1	0	0	0	0	0	0	0	0	0	0	0	1	0	0	0	0	0	0	0
Coburn	1	0	0	0	0	0	1	1	1	0	1	0	1	0	1	0	1	1	0	0	0	1	0	1	1	1
Coburn	0	0	0	1	0	0	0	1	1	0	1	0	1	0	1	0	1	1	0	0	0	0	0	0	0	1
Coburn	0	0	1	1	1	0	0	1	1	1	1	0	1	1	1	0	1	1	1	0	0	0	1	1	1	1
Coburn	2	0	1	0	0	0	1	0	1	1	0	0	1	0	1	1	1	0	1	0	0	0	1	1	1	1
Coburn	2	0	0	0	0	0	1	0	1	1	0	0	1	1	1	0	1	1	0	0	0	0	1	1	1	1
Coburn	0	0	1	1	1	0	0	1	1	0	1	1	1	1	1	1	1	1	1	0	0	1	1	1	1	1
Coburn	0	0	0	1	0	0	0	1	1	0	0	1	0	1	1	0	1	1	0	0	0	1	0	0	1	1
Coburn	0	0	1	1	0	0	1	1	1	1	1	0	1	1	1	0	1	1	0	0	0	0	0	1	1	1
Coburn	0	0	1	1	0	0	0	1	1	0	1	0	1	0	1	0	1	1	0	0	0	0	1	0	1	1
Coburn	0	0	0	0	0	0	1	0	0	0	0	0	0	0	0	0	0	0	0	0	0	0	0	0	0	0
Coburn	1	0	1	0	0	0	0	1	1	0	1	0	1	0	1	0	1	1	0	0	0	1	1	1	1	1
Coburn	1	0	0	0	0	0	0	0	0	0	0	0	0	0	0	0	0	0	0	0	0	0	0	1	0	0
Coburn	1	0	0	1	0	0	0	0	0	0	0	0	0	0	0	1	1	1	0	0	0	0	0	0	0	0
Coburn	2	1	0	0	1	0	0	1	1	1	1	0	1	0	1	0	1	1	0	0	0	0	1	1	0	1
Coburn	2	0	1	0	0	0	0	0	1	0	0	0	0	0	1	0	1	1	1	0	0	1	1	0	1	1
Coburn	0	0	1	0	0	0	1	1	1	1	0	0	0	1	1	1	1	1	1	0	0	1	1	0	0	1
Coburn	2	1	0	0	1	0	0	0	1	0	1	0	1	0	1	1	1	1	1	0	0	0	1	1	1	1
Coburn	2	0	0	0	1	0	0	1	0	0	0	0	0	0	1	0	1	1	0	0	0	0	0	1	0	1
Coburn	2	1	1	1	1	0	0	1	1	0	0	0	0	0	1	1	1	1	0	0	0	1	0	1	1	1
Coburn	0	0	1	1	1	0	0	1	1	0	1	0	1	0	1	0	1	1	1	0	0	1	1	0	0	1
Coburn	0	0	0	1	1	0	0	1	1	1	1	0	1	1	1	0	1	0	1	0	0	0	1	0	0	1
Coburn	1	0	1	0	1	0	1	0	1	1	0	0	1	1	1	0	1	0	1	0	0	1	0	0	0	1
Coburn	0	0	1	1	0	0	0	0	1	0	1	0	1	0	1	0	1	1	0	0	0	0	1	0	0	1
Coburn	0	0	0	0	0	0	1	0	0	0	0	0	0	0	0	0	0	0	0	0	0	0	0	0	1	0
Coburn	1	0	0	0	0	0	1	1	0	0	0	0	0	0	1	0	1	0	0	0	0	0	0	0	1	1
Coburn	0	0	0	1	1	0	0	1	1	0	1	0	1	0	1	0	1	1	1	0	0	0	0	0	0	1
Coburn	1	1	0	0	1	0	1	0	1	1	1	0	1	1	1	1	1	1	1	0	0	0	1	1	0	1
Coburn	0	0	0	0	1	0	0	0	0	0	0	0	0	0	0	0	0	0	0	0	0	0	0	0	0	0
Coburn	0	0	1	0	1	0	0	1	1	0	0	0	0	0	1	1	1	0	0	0	0	0	1	0	1	1
Coburn	1	0	1	0	0	0	1	1	1	1	0	0	0	1	1	0	1	1	0	0	0	0	0	0	1	1
Coburn	1	1	1	0	1	0	0	1	1	1	1	0	1	1	1	1	1	1	0	0	0	1	1	0	1	1
Coburn	2	0	1	0	1	0	0	1	1	1	0	0	1	0	1	1	1	1	1	0	0	0	1	1	1	1
Coburn	2	0	1	0	1	0	1	1	1	0	1	0	1	0	1	1	1	1	0	0	0	1	1	1	1	1
Coburn	0	0	1	0	1	0	0	1	1	0	1	0	0	0	1	1	1	1	0	0	0	1	1	0	1	1
Coburn	2	1	0	0	1	0	0	1	0	0	0	0	0	0	1	0	1	1	0	0	0	0	1	0	1	1
Coburn	0	0	0	0	1	0	0	1	0	0	0	0	0	0	1	0	1	1	1	0	0	0	0	1	1	1
Coburn	1	0	0	1	1	0	0	1	1	1	0	0	0	1	1	1	1	1	0	0	0	1	0	0	0	1
Coburn	0	0	0	1	1	0	0	1	1	1	1	0	0	1	1	0	1	1	1	0	0	0	0	1	0	1
Coburn	0	0	0	0	0	0	1	0	0	0	0	0	0	0	0	0	0	0	0	0	0	0	0	0	0	0
Coburn	1	1	0	0	1	0	0	1	1	1	0	0	0	1	1	1	1	1	1	0	0	1	0	1	1	1
Coburn	1	0	0	0	1	0	0	1	1	1	0	0	0	1	1	0	1	1	1	0	0	1	0	1	1	1
Coburn	1	0	0	0	0	0	0	0	1	1	0	0	0	1	1	0	1	0	0	0	0	0	0	1	1	1
Coburn	2	0	1	1	1	0	0	1	1	0	1	0	1	0	1	1	1	1	0	0	0	1	1	1	0	1
Coburn	2	0	1	0	0	0	1	1	1	0	0	0	0	0	1	0	1	1	0	0	0	0	1	0	1	1
Coburn	2	0	1	0	0	0	1	1	1	1	0	1	0	1	1	1	1	1	0	0	0	0	1	0	1	1
Coburn	2	0	0	0	0	0	0	0	1	1	0	1	0	1	1	0	1	1	0	0	0	0	0	0	1	1
Coburn	2	0	1	0	1	0	1	1	1	1	0	1	0	1	1	1	1	1	0	0	0	1	1	0	1	1
Coburn	2	0	1	0	1	0	1	1	1	0	1	1	0	1	1	1	1	1	0	0	0	0	1	1	1	1
Coburn	0	0	0	1	0	0	0	0	0	0	0	0	0	0	0	0	0	0	0	0	0	0	0	0	1	0
Coburn	2	0	0	0	0	0	1	1	1	0	0	1	0	1	1	1	1	1	0	0	0	0	1	0	1	1
Coburn	2	0	0	0	1	0	1	0	0	0	0	0	0	0	0	0	0	0	1	0	0	0	1	0	0	0
Coburn	2	1	1	0	0	0	1	1	1	0	0	1	0	1	1	1	1	1	1	0	0	1	0	0	1	1
Coburn	2	0	1	0	1	0	1	1	1	0	0	1	0	1	1	1	1	1	1	0	0	0	1	0	1	1
Coburn	2	0	1	0	1	0	0	1	1	0	0	1	0	1	1	1	1	1	0	0	0	1	1	0	0	1
Coburn	2	1	0	1	0	0	1	1	1	1	1	0	1	1	1	1	1	1	0	0	0	0	1	0	1	1
Coburn	3	1	1	0	1	0	0	1	1	1	0	0	0	1	1	1	1	1	1	0	0	1	1	1	1	1
Coburn	3	0	0	0	1	0	0	1	1	1	0	1	0	1	1	1	1	1	1	0	0	0	1	0	1	1
Coburn	3	1	1	0	1	0	1	1	1	0	1	1	1	1	1	1	1	1	1	0	0	1	1	1	1	1
Coburn	3	0	0	1	0	0	0	1	1	0	1	0	1	0	1	0	1	0	0	0	0	0	0	0	1	1
Coburn	3	0	0	0	1	0	1	1	1	1	0	0	1	1	1	1	1	1	0	0	0	1	1	1	1	1
Coburn	2	0	1	1	0	0	0	0	1	0	1	0	1	0	1	1	1	0	0	0	0	0	1	0	1	1
Coburn	2	0	1	0	1	0	0	1	1	0	1	0	1	0	1	0	1	1	1	0	0	1	1	1	0	1
Coburn	2	1	0	0	0	0	1	1	0	0	0	0	0	0	1	1	1	1	0	0	0	1	0	0	1	1
Coburn	2	0	0	0	1	0	1	1	1	0	1	0	1	0	1	1	1	1	0	0	0	1	1	0	0	1
Coburn	0	0	0	0	0	0	1	0	0	0	0	0	0	0	0	0	0	0	0	0	0	0	0	0	0	0
Coburn	2	1	1	0	1	0	1	1	1	1	0	0	1	0	1	1	1	1	1	0	0	1	0	1	1	1
Coburn	2	0	0	1	1	0	0	1	1	0	1	1	1	1	1	1	1	1	1	0	0	0	0	0	0	1
Coburn	2	0	0	0	1	0	0	1	0	0	0	0	0	0	1	1	1	1	1	0	0	0	0	0	0	0
Coburn	2	0	0	1	0	0	0	0	1	1	0	0	0	1	1	1	1	0	0	0	0	0	1	1	1	1
Coburn	2	0	1	0	1	0	0	0	1	0	1	0	1	0	1	1	1	0	1	0	0	0	1	1	1	1
Coburn	0	0	0	0	0	0	1	0	0	0	0	0	0	0	0	0	0	0	0	0	0	0	0	0	0	0
Coburn	2	0	1	1	1	0	1	1	1	1	1	0	1	0	1	1	1	1	1	0	0	1	1	0	1	1
Coburn	0	0	0	0	0	0	1	0	0	0	0	0	0	0	0	0	0	0	0	0	0	0	0	0	1	0
Coburn	2	0	1	1	0	0	0	0	1	0	1	0	1	0	1	1	1	0	1	0	0	0	0	0	0	1
Coburn	1	1	1	0	0	0	1	0	1	1	0	0	1	0	1	1	1	1	1	0	0	1	0	1	1	1
Coburn	1	1	0	0	1	0	1	0	1	1	1	0	1	0	1	0	1	1	1	0	0	1	1	0	0	1
Coburn	2	0	1	1	1	0	0	1	1	0	0	0	0	0	1	1	1	1	1	0	0	1	1	0	1	1
Coburn	2	0	0	1	0	0	0	1	0	0	0	0	0	0	1	0	1	1	0	0	0	0	0	0	0	0
Coburn	2	0	0	0	0	0	1	1	1	1	0	0	0	1	1	1	1	1	1	0	0	1	1	1	1	1
Coburn	2	0	0	0	1	0	1	1	1	1	0	0	0	1	1	0	1	1	1	0	0	1	1	1	1	1
Coburn	2	1	0	1	1	0	0	1	1	0	1	0	0	0	1	1	1	1	1	0	0	0	1	0	1	1
Coburn	2	1	0	1	1	0	0	1	0	0	0	0	0	0	1	1	1	0	1	0	0	1	1	0	1	1
Coburn	2	0	0	1	1	0	0	1	1	0	1	0	1	0	1	0	1	1	1	0	0	1	0	1	0	1
Coburn	2	0	0	0	1	0	0	1	0	0	0	0	0	0	1	0	1	1	1	0	0	1	0	0	1	1
Coburn	2	1	0	0	1	0	0	1	1	0	0	1	1	0	1	1	1	1	1	0	0	1	1	1	0	1
Coburn	2	0	0	0	1	0	1	0	1	1	0	0	1	0	1	0	1	1	1	0	0	0	0	0	0	1
Coburn	2	0	1	0	1	0	1	0	1	1	0	0	1	0	1	0	1	1	1	0	0	1	0	0	0	1
Coburn	2	0	1	0	1	0	0	1	1	1	0	0	1	0	1	1	1	1	1	0	0	1	1	1	0	1
Coburn	2	0	0	0	1	0	0	1	0	0	0	0	0	0	1	0	1	0	1	0	0	1	0	0	0	1
Coburn	2	1	0	0	1	0	1	0	1	0	0	1	1	0	1	0	1	0	1	0	0	0	1	1	1	1
Coburn	2	0	1	0	1	1	1	1	1	0	1	1	1	1	1	1	1	1	1	0	0	0	1	0	1	1
Coburn	3	1	0	0	1	0	0	0	1	0	1	0	1	0	1	0	1	0	1	0	0	0	1	0	1	1
Coburn	3	0	0	0	0	0	0	1	1	0	1	0	0	0	1	0	1	1	0	0	0	1	0	0	0	1
Coburn	3	0	0	0	1	0	0	0	0	0	0	0	0	0	0	0	1	1	0	0	0	0	1	0	1	1
Coburn	3	0	0	0	0	0	1	1	1	1	0	0	0	1	1	1	1	0	0	0	0	0	1	1	1	1
Coburn	2	0	0	0	0	0	1	1	1	1	1	0	1	0	1	1	1	1	1	0	0	1	1	1	1	1
Coburn	0	0	0	0	1	0	1	0	1	1	1	0	1	0	1	0	1	1	1	0	0	0	0	1	1	1
Kaufman	0	0	0	0	0	0	1	0	0	0	0	0	0	0	0	0	0	0	0	0	0	0	0	0	0	0
Kaufman	1	1	0	0	1	0	1	1	1	1	1	0	1	0	1	1	1	1	0	0	0	0	1	0	0	1
Kaufman	1	0	1	0	0	0	0	0	1	0	0	0	0	0	1	0	1	1	0	0	0	0	0	0	0	0
Kaufman	1	0	0	0	1	0	0	0	1	0	1	1	1	1	1	1	1	0	0	0	0	0	0	1	0	1
Kaufman	1	0	0	0	1	0	0	0	1	0	0	1	0	1	1	0	1	0	0	0	0	0	0	1	0	1
Kaufman	1	1	0	0	1	0	0	1	1	0	0	1	0	1	1	1	1	1	1	0	0	1	1	1	0	1
Kaufman	1	0	1	0	1	0	1	1	1	0	1	1	0	1	1	1	1	1	1	0	0	1	1	1	1	1
Kaufman	0	0	0	0	0	0	1	0	0	0	0	0	0	0	0	0	0	0	0	0	0	0	0	0	0	0
Kaufman	1	0	1	1	1	0	0	1	1	0	0	0	0	0	1	1	1	1	0	0	0	1	1	1	1	1
Kaufman	0	0	0	0	0	0	1	0	0	0	0	0	0	0	0	0	0	0	0	0	0	0	0	0	0	0
Kaufman	0	0	0	0	0	0	1	0	0	0	0	0	0	0	0	0	0	0	0	0	0	0	0	0	0	0
Kaufman	1	0	1	1	0	0	0	1	1	0	0	0	0	0	1	1	1	1	1	0	0	1	1	0	1	1
Kaufman	0	0	0	0	0	0	1	0	0	0	0	0	0	0	0	0	0	0	0	1	0	0	0	0	0	0
Kaufman	0	0	0	0	0	0	1	0	0	0	0	0	0	0	0	0	0	0	0	0	0	0	0	0	0	0
Kaufman	0	0	0	0	0	0	1	0	0	0	0	0	0	0	0	0	0	0	0	0	0	0	0	0	0	0
Kaufman	2	0	1	0	1	0	1	1	1	1	0	0	1	0	1	1	1	1	0	0	0	1	1	0	1	1
Kaufman	2	0	1	0	1	0	1	1	1	1	0	0	1	0	1	1	1	1	1	0	0	1	1	1	1	1
Kaufman	2	1	1	0	1	0	1	1	1	0	1	0	1	0	1	1	1	1	0	0	0	0	1	0	1	1
Kaufman	2	1	0	0	1	0	0	1	1	1	0	0	1	0	1	1	1	1	1	0	0	0	1	0	0	1
Kaufman	0	0	0	0	0	0	1	0	0	0	0	0	0	0	0	0	0	0	0	0	0	0	0	0	0	0
Kaufman	0	0	0	0	0	0	1	0	0	0	0	0	0	0	0	0	0	0	0	0	0	0	0	0	1	0
Kaufman	0	0	0	0	0	0	1	0	0	0	0	0	0	0	0	0	0	0	0	0	0	0	0	0	0	0
Kaufman	0	0	0	0	0	0	1	0	0	0	0	0	0	0	0	0	0	0	0	0	0	0	0	0	0	0
Kaufman	2	1	1	0	1	0	1	1	1	1	1	0	1	1	1	0	1	1	1	0	0	1	1	0	0	1
Kaufman	0	0	0	0	0	0	1	0	0	0	0	0	0	0	0	0	0	0	0	0	0	0	0	0	0	0
Kaufman	1	0	1	1	1	0	0	0	1	0	1	0	1	0	1	1	1	1	0	0	0	1	0	0	1	1
Kaufman	1	1	0	1	0	0	0	1	1	1	1	0	1	0	1	1	1	1	1	0	0	1	1	0	1	1
Kaufman	2	0	1	0	1	0	0	1	1	1	0	0	1	1	1	1	1	1	0	0	0	1	1	0	1	1
Kaufman	2	1	0	0	1	0	1	1	1	1	1	1	1	1	1	1	1	1	1	0	0	1	1	0	1	1
Kaufman	1	0	0	0	1	0	0	1	1	1	0	0	1	0	1	1	1	1	1	0	0	1	1	0	1	1
Kaufman	1	0	1	1	0	0	0	0	1	0	1	0	0	0	1	0	1	1	0	0	0	1	0	0	0	0
Kaufman	1	1	0	1	0	0	1	1	1	1	0	0	1	1	1	1	1	1	0	0	0	1	1	0	0	1
Kaufman	0	0	0	0	0	0	1	0	0	0	0	0	0	0	0	0	0	0	0	0	0	0	0	0	0	0
Kaufman	0	0	0	0	0	0	1	0	0	0	0	0	0	0	0	0	0	0	0	0	0	0	0	0	0	0
Kaufman	0	0	0	0	0	0	1	0	0	0	0	0	0	0	0	0	0	0	0	0	0	0	0	0	0	0
Kaufman	2	0	0	0	1	0	1	1	1	1	0	0	1	0	1	0	1	0	1	0	0	0	1	0	1	1
Kaufman	2	0	0	0	1	0	1	1	1	1	1	0	1	0	1	1	1	0	1	0	0	0	1	0	1	1
Kaufman	2	0	0	0	0	0	1	1	1	1	0	0	1	0	1	0	1	0	0	0	0	1	1	0	1	1
Kaufman	2	0	0	0	1	0	0	1	1	1	0	0	1	0	1	0	1	0	1	0	0	0	0	0	0	1
Kaufman	2	1	0	0	0	0	1	0	0	0	0	0	0	0	0	0	1	1	0	0	0	0	1	0	1	1
Kaufman	2	0	0	0	1	0	0	1	0	0	0	0	0	0	1	1	1	0	0	0	0	1	1	1	1	1
Kaufman	2	1	0	0	1	0	1	1	1	1	1	0	1	0	1	0	1	1	1	0	0	1	1	1	1	1
Kaufman	2	0	0	0	1	0	1	0	1	0	1	0	1	0	1	0	1	1	0	0	0	0	1	1	1	1
Kaufman	2	0	0	0	1	0	0	0	1	0	1	0	1	0	1	1	1	1	1	0	0	1	1	0	1	1
Kaufman	2	1	0	0	1	0	1	1	1	0	1	0	1	0	1	1	1	1	1	0	0	1	1	0	1	1
Kaufman	2	1	1	0	0	0	0	0	1	0	1	0	1	0	1	1	1	1	0	0	0	1	1	0	0	1
Kaufman	2	0	0	0	1	0	0	1	1	1	0	0	1	0	1	1	1	1	1	0	0	1	1	0	1	1
Kaufman	2	0	0	0	0	0	0	0	1	0	1	0	1	0	1	1	1	0	0	0	0	0	0	0	1	1
Kaufman	2	0	1	0	1	0	0	0	1	0	1	0	0	0	1	0	1	1	0	0	0	1	0	0	0	0
Kaufman	2	0	0	0	1	0	1	0	1	0	1	0	0	0	1	1	1	1	0	0	0	0	1	0	1	1
Kaufman	0	0	0	0	0	0	1	0	0	0	0	0	0	0	0	0	0	0	0	0	0	0	0	0	1	0
Kaufman	0	0	0	0	0	0	1	0	0	0	0	0	0	0	0	0	0	0	0	0	0	0	0	0	0	0
Kaufman	0	0	0	0	0	0	1	0	0	0	0	0	0	0	0	0	0	0	0	0	0	0	0	0	0	0
Kaufman	2	1	1	0	1	0	1	1	1	1	0	0	1	0	1	1	1	1	1	0	0	1	1	0	1	1
Kaufman	2	1	0	0	1	0	1	1	1	1	1	0	1	0	1	1	1	1	1	0	0	1	1	1	1	1
Kaufman	2	0	0	0	1	0	1	1	1	0	1	0	1	0	1	1	1	1	1	0	0	0	1	1	1	1
Kaufman	2	0	1	0	1	0	1	1	1	1	1	0	1	0	1	1	1	1	0	0	0	1	1	0	1	1
Kaufman	0	0	0	0	1	0	0	0	0	0	0	0	0	0	0	0	1	0	0	0	0	0	0	0	0	0
Kaufman	0	0	1	0	1	0	1	1	1	0	0	0	0	0	1	0	1	1	0	0	0	1	0	0	0	1
Kaufman	0	0	0	1	1	0	0	1	0	0	0	0	0	0	1	0	1	1	0	0	0	0	0	0	0	0
Kaufman	0	0	0	0	0	0	1	0	0	0	0	0	0	0	0	0	1	1	0	0	0	1	0	0	0	0
Kaufman	0	0	0	0	1	0	0	0	1	0	1	0	1	0	1	1	1	0	1	0	0	0	0	0	0	1
Kaufman	0	0	0	0	0	0	0	0	0	0	0	0	0	0	0	1	1	0	0	0	0	0	0	0	0	0
Kaufman	0	0	1	0	0	0	1	1	1	0	1	0	0	0	1	1	1	1	0	0	0	0	0	0	0	1
Kaufman	2	0	0	0	0	0	0	0	1	0	1	0	1	0	1	0	1	0	0	0	0	0	1	0	0	1
Kaufman	2	0	1	0	0	0	1	0	1	0	1	0	1	0	1	0	1	1	0	0	0	0	1	0	0	1
Kaufman	0	1	1	0	1	0	0	1	1	0	0	0	0	0	1	0	1	0	1	0	0	0	0	0	1	1
Kaufman	1	0	0	0	1	0	0	0	1	0	1	1	1	1	1	0	1	0	1	0	0	1	1	0	1	1
Kaufman	1	0	1	0	1	0	0	0	1	0	0	0	0	0	1	1	1	1	0	0	0	0	0	0	0	0
Kaufman	1	0	1	0	1	0	1	0	1	0	1	0	1	0	1	0	1	1	0	0	0	0	1	0	0	1
Kaufman	2	0	0	1	0	0	0	1	1	0	1	0	1	0	1	1	1	0	0	0	0	0	1	1	0	1
Kaufman	0	0	0	0	0	0	1	0	0	0	0	0	0	0	0	0	0	0	0	0	0	0	0	0	0	0
Kaufman	1	0	0	0	1	0	1	1	1	0	1	0	1	0	1	1	1	0	1	0	0	0	0	1	0	1
Kaufman	0	0	0	0	0	0	1	0	0	0	0	0	0	0	0	0	0	0	0	0	0	0	0	0	0	0
Kaufman	0	0	0	0	0	0	1	0	0	0	0	0	0	0	0	0	0	0	0	0	0	0	0	0	0	0
Kaufman	2	1	0	0	1	0	0	1	1	1	1	0	1	0	1	1	1	1	0	0	0	1	1	0	1	1
Kaufman	2	0	0	0	1	0	0	0	1	0	1	0	1	0	1	0	1	0	1	0	0	0	0	1	0	1
Kaufman	2	0	0	0	1	0	0	1	1	0	1	1	1	1	1	1	1	1	1	0	0	0	1	0	0	1
Kaufman	2	1	0	0	1	0	1	1	1	0	1	0	1	0	1	1	1	1	0	0	0	0	1	0	0	1
Kaufman	2	0	0	0	1	0	0	1	1	0	1	0	1	0	1	1	1	1	1	0	0	1	0	0	0	1
Kaufman	2	0	0	0	0	0	0	1	0	0	0	0	0	0	1	0	1	1	0	0	0	0	0	0	0	0
Kaufman	2	0	0	0	1	0	0	1	1	0	1	0	1	0	1	0	1	0	1	0	0	0	0	0	0	1
Kaufman	2	0	0	0	1	0	0	0	1	0	1	0	1	0	1	1	1	0	0	0	0	0	0	0	0	1
Kaufman	2	0	0	0	1	0	1	1	0	0	0	0	0	0	1	0	1	1	1	0	0	0	0	0	0	0
Kaufman	0	0	0	0	0	0	1	0	0	0	0	0	0	0	0	0	0	0	0	0	0	0	0	0	0	0
Kaufman	0	0	0	0	0	0	1	0	0	0	0	0	0	0	0	0	0	0	0	0	0	0	0	0	0	0
Kaufman	0	0	0	0	1	0	0	0	0	0	0	0	0	0	0	0	1	0	1	0	0	0	0	0	0	0
Kaufman	2	0	0	0	1	0	1	1	1	1	1	0	1	1	1	0	1	1	1	0	0	1	1	1	1	1
Kaufman	0	0	0	0	0	0	1	0	0	0	0	0	0	0	0	0	1	0	0	0	0	0	0	0	0	0
Kaufman	1	0	1	1	0	0	0	1	1	0	1	0	1	0	1	1	1	1	0	0	0	1	1	1	1	1
Kaufman	0	0	0	0	1	0	0	0	0	0	0	0	0	0	0	1	1	0	1	0	0	0	0	0	0	0
Kaufman	2	0	0	0	1	0	0	0	1	1	0	0	1	0	1	1	1	1	1	0	0	0	1	1	1	1
Kaufman	2	0	0	0	1	0	1	0	1	1	1	0	1	0	1	0	1	0	1	0	0	0	1	1	0	1
Kaufman	2	1	1	1	0	0	0	1	1	0	0	0	0	0	1	0	1	1	0	0	0	1	1	0	0	1
Kaufman	2	0	0	0	1	0	1	1	1	1	1	0	1	0	1	0	1	1	1	0	0	0	1	0	0	1
Kaufman	2	0	0	0	1	0	0	0	0	0	0	0	0	0	0	0	0	0	1	0	0	0	0	0	0	0
Kaufman	2	0	0	0	1	0	0	0	1	0	1	1	1	1	1	0	1	0	1	0	0	0	0	0	0	1
Kaufman	2	0	0	0	1	0	0	1	1	1	0	0	1	0	1	1	1	1	1	0	0	1	0	0	0	1
Kaufman	2	0	1	0	1	0	1	1	1	0	1	0	1	0	1	1	1	1	1	0	0	1	1	0	0	1
Kaufman	2	0	1	0	1	0	0	1	1	1	1	0	1	0	1	1	1	0	0	0	0	0	1	1	1	1
Kaufman	1	1	0	1	1	0	0	0	0	0	0	0	0	0	0	0	1	1	1	0	0	1	0	0	0	0
Kaufman	0	0	0	0	0	0	1	0	0	0	0	0	0	0	0	0	0	0	0	0	0	0	0	0	0	0
Kaufman	0	0	0	0	0	0	1	0	0	0	0	0	0	0	0	0	0	0	0	0	0	0	0	0	0	0
Kaufman	2	0	1	0	1	0	1	1	1	1	1	0	1	1	1	1	1	1	0	0	0	0	1	1	1	1
Kaufman	1	0	0	0	1	0	0	0	1	1	0	0	0	1	1	0	1	0	0	0	0	0	0	0	0	1
Kaufman	1	0	0	0	0	0	0	1	0	0	0	0	0	0	1	0	1	0	0	0	0	1	0	0	0	1
Kaufman	1	0	0	0	1	0	0	1	0	0	0	0	0	0	1	1	1	1	0	0	0	0	1	1	1	1
Kaufman	1	1	0	0	1	0	0	0	1	0	0	1	0	1	1	1	1	1	1	0	0	1	1	1	1	1
Kaufman	1	1	0	0	0	0	0	1	0	0	0	0	0	0	1	1	1	1	0	0	0	1	1	1	1	1
Kaufman	2	0	0	0	1	0	0	0	1	0	1	0	1	0	1	0	1	0	1	0	0	0	1	0	0	1
Kaufman	1	1	0	0	1	0	0	0	1	0	1	0	1	0	1	0	1	1	1	0	0	1	1	0	0	1
Kaufman	0	0	0	0	1	0	0	1	1	0	1	0	1	0	1	0	1	0	1	0	0	1	0	0	0	1
Kaufman	1	0	0	0	1	0	1	1	1	0	1	0	1	0	1	1	1	1	1	0	0	1	1	1	1	1
Kaufman	1	1	0	1	1	0	1	0	1	1	1	1	1	1	1	1	1	1	0	0	0	1	1	1	1	1
Kaufman	1	0	1	0	1	0	0	1	1	0	0	0	0	0	1	1	1	0	1	0	0	0	1	0	0	1
Kaufman	1	0	0	0	1	0	1	1	1	0	1	0	1	0	1	1	1	1	1	0	0	1	1	1	1	1
Kaufman	1	0	0	0	1	0	1	0	0	0	0	0	0	0	0	0	0	0	0	0	0	0	0	0	1	0
Kaufman	2	0	1	0	0	0	1	0	1	0	1	0	1	0	1	1	1	1	0	0	0	1	1	1	1	1
Kaufman	0	0	0	0	0	0	1	0	0	0	0	0	0	0	0	0	0	0	0	0	0	0	0	0	0	0
Kaufman	0	0	0	0	0	0	1	0	0	0	0	0	0	0	0	0	0	0	0	0	0	0	0	0	0	0
Kaufman	0	0	0	0	0	0	1	0	0	0	0	0	0	0	0	0	0	0	0	0	0	0	0	0	0	0
Kaufman	0	0	0	0	0	0	1	0	0	0	0	0	0	0	0	0	0	0	0	0	0	0	0	0	0	0
Kaufman	0	0	0	0	0	0	1	0	0	0	0	0	0	0	0	0	0	0	0	0	0	0	0	0	0	0
Kaufman	2	0	1	0	1	0	1	1	1	1	1	0	1	0	1	1	1	1	1	0	0	0	1	0	1	1
Kaufman	2	0	0	0	1	0	0	1	0	0	0	0	0	0	1	0	1	1	1	0	0	0	1	0	1	0
Kaufman	2	0	1	0	0	0	1	1	1	1	0	0	1	0	1	0	1	1	0	0	0	0	1	0	1	1
Kaufman	2	0	0	0	1	0	0	1	1	1	1	0	1	0	1	1	1	1	0	0	0	1	1	1	1	1
Kaufman	2	0	0	0	1	0	0	1	1	1	0	0	1	0	1	0	1	1	0	0	0	0	0	0	0	0
Kaufman	2	0	1	0	1	0	0	0	1	0	0	0	0	0	1	1	1	0	1	0	0	0	0	0	0	0
Kaufman	2	1	0	0	0	0	1	1	1	1	0	0	1	0	1	1	1	0	0	0	0	0	1	0	1	1
Kaufman	2	0	1	0	1	0	1	1	1	1	1	0	1	1	1	1	1	0	1	0	0	0	1	1	1	1
Kaufman	3	0	1	0	0	0	0	1	1	0	0	0	0	0	1	1	1	1	0	0	0	1	1	0	1	1
Kaufman	3	0	1	0	0	0	0	1	1	0	0	0	0	0	1	0	1	1	0	0	0	0	1	0	1	1
Kaufman	3	0	0	1	0	0	0	1	1	1	0	0	0	1	1	1	1	1	0	0	0	1	0	1	0	1
Kaufman	2	0	1	0	0	0	1	1	1	0	0	0	0	0	1	0	1	1	0	0	0	0	1	0	1	1
Kaufman	2	0	0	0	0	0	1	1	1	0	1	0	1	0	1	0	1	1	0	0	0	0	1	1	1	1
Kaufman	2	0	0	0	0	0	0	1	0	0	0	0	0	0	1	0	1	0	0	0	0	0	1	0	1	1
Kaufman	2	0	0	0	1	0	0	0	1	1	0	0	0	1	1	1	1	1	0	0	0	0	0	0	1	1
Kaufman	2	0	0	0	1	0	0	1	0	0	0	0	0	0	1	1	1	1	0	0	0	0	1	0	1	1
Kaufman	2	1	0	0	1	0	0	1	0	0	0	0	0	0	1	1	1	1	0	0	0	1	0	0	0	1
Kaufman	2	1	0	0	1	0	0	1	1	0	0	1	0	1	1	1	1	1	0	0	0	1	0	0	0	1
Kaufman	2	1	0	0	1	0	1	1	1	1	0	0	1	0	1	1	1	0	1	0	0	0	1	0	1	1
Kaufman	1	0	1	1	1	0	0	1	1	0	1	0	1	0	1	0	1	0	1	0	0	0	1	0	1	1
Kaufman	1	0	0	0	1	0	0	1	0	0	0	0	0	0	1	0	1	1	0	0	0	0	0	0	1	1
Kaufman	2	0	1	0	1	0	0	1	1	0	0	0	0	0	1	0	1	1	1	0	0	0	1	0	1	1
Kaufman	2	0	1	1	1	0	0	1	1	1	1	0	1	0	1	1	1	1	0	0	0	0	1	0	1	1
Kaufman	1	0	0	0	1	0	0	0	1	0	1	0	1	0	1	1	1	0	0	0	0	1	1	1	0	1
Kaufman	1	0	0	0	1	0	0	0	0	0	0	0	0	0	0	0	0	0	0	0	0	0	0	0	0	0
Kaufman	1	1	0	0	1	0	0	1	1	0	1	0	1	0	1	1	1	1	0	0	0	0	1	0	0	1
Kaufman	1	0	0	0	0	0	1	1	1	1	0	0	1	0	1	0	1	1	0	0	0	1	1	0	1	1
Kaufman	0	0	0	0	0	0	1	0	0	0	0	0	0	0	0	0	0	0	0	0	0	0	0	0	0	0
Kaufman	0	0	0	0	0	0	1	0	0	0	0	0	0	0	0	0	0	0	0	0	0	0	0	0	0	0
Kaufman	1	0	0	0	0	0	0	1	0	0	0	0	0	0	1	0	1	0	0	0	0	0	0	0	1	1
Kaufman	2	0	1	0	1	0	0	1	1	0	1	0	1	0	1	1	1	1	1	0	0	0	1	0	1	1
Kaufman	2	0	0	0	0	0	1	0	1	0	1	0	1	0	1	1	1	1	0	0	0	1	0	0	0	1
Kaufman	2	0	0	0	1	0	0	1	1	1	0	0	1	0	1	0	1	0	0	0	0	0	0	0	0	1
Kaufman	2	0	0	0	1	0	0	1	1	0	1	0	1	0	1	1	1	0	1	0	0	0	1	0	0	1
Kaufman	2	1	1	0	0	0	1	0	1	1	0	0	1	0	1	0	1	0	0	0	0	0	1	1	1	1
Kaufman	1	0	0	0	0	0	0	0	1	1	1	0	1	0	1	0	1	1	1	0	0	0	1	0	0	1
Kaufman	0	1	0	0	1	0	0	0	0	0	0	0	0	0	0	0	1	1	0	0	0	1	0	0	0	0
Kaufman	1	0	0	0	1	0	1	0	1	1	0	1	1	1	1	1	1	1	1	0	0	1	0	0	1	1
Kaufman	1	0	0	0	1	0	1	0	1	1	0	1	1	1	1	1	1	0	0	0	0	0	0	0	0	1
Kaufman	2	1	1	0	1	0	1	1	1	1	1	0	1	0	1	0	1	1	0	0	0	1	1	1	1	1
Kaufman	2	0	0	0	0	0	1	1	0	0	0	0	0	0	1	0	1	1	0	0	0	0	1	0	1	1
Kaufman	2	1	0	0	1	0	0	0	1	0	1	0	1	0	1	1	1	1	0	0	0	1	1	1	1	1
Kaufman	2	0	0	0	1	0	0	1	1	0	1	0	1	0	1	1	1	1	1	0	0	1	0	0	0	1
Kaufman	2	0	0	0	1	0	1	1	1	1	0	0	1	1	1	0	1	0	0	0	0	0	1	0	1	1
Kaufman	0	0	1	0	0	0	0	1	1	0	1	0	1	0	1	0	1	1	0	0	0	0	1	0	1	1
Kaufman	0	0	0	0	1	0	0	0	0	0	0	0	0	0	0	0	0	0	0	0	0	0	0	0	0	0
Kaufman	2	0	0	0	0	0	0	1	0	0	0	0	0	0	1	0	1	1	0	0	0	1	0	0	0	0
Kaufman	2	0	0	0	0	0	1	0	0	0	0	0	0	0	0	0	1	0	1	0	0	0	1	0	0	1
Kaufman	1	0	0	0	0	0	1	0	0	0	0	0	0	0	0	0	1	0	0	0	0	0	1	0	0	1
Kaufman	2	0	0	0	0	0	1	0	1	0	0	1	0	1	1	1	1	0	1	0	0	0	0	0	1	1
Kaufman	1	0	0	0	1	0	1	1	1	1	0	0	1	1	1	1	1	1	1	0	0	1	0	1	1	1
Kaufman	1	0	0	0	1	0	0	1	1	1	0	1	0	1	1	1	1	1	0	0	0	0	0	0	1	1
Kaufman	1	0	0	0	0	0	1	1	1	1	0	1	0	1	1	0	1	1	0	0	0	1	0	1	1	1
Kaufman	1	0	1	0	1	0	1	1	1	0	1	0	1	0	1	0	1	1	1	0	0	0	1	0	1	1
Kaufman	1	1	1	0	1	0	1	1	1	1	1	0	1	0	1	1	1	0	1	0	0	0	1	0	1	1
Kaufman	0	0	0	0	0	0	1	0	0	0	0	0	0	0	0	0	0	0	0	0	0	0	0	0	0	0
Kaufman	0	0	0	0	0	0	1	0	0	0	0	0	0	0	0	0	0	0	0	0	0	0	0	0	1	0
Kaufman	0	0	0	0	0	0	1	0	0	0	0	0	0	0	0	0	0	0	0	0	0	0	0	0	0	0
Kaufman	0	0	0	0	0	0	1	0	0	0	0	0	0	0	0	0	0	0	0	0	0	0	0	0	0	0
Kaufman	0	0	0	0	0	0	0	1	0	0	0	0	0	0	1	0	1	1	1	0	0	0	0	0	0	1
Kaufman	2	0	1	0	1	0	0	1	1	1	0	0	1	0	1	0	1	0	1	0	0	1	1	0	1	1
Kaufman	0	0	0	0	0	0	1	0	0	0	0	0	0	0	0	0	0	0	0	0	0	0	0	0	1	0
Kaufman	0	0	0	0	0	0	1	0	0	0	0	0	0	0	0	0	0	0	0	0	0	0	0	0	0	0
Kaufman	0	0	0	0	0	0	1	0	0	0	0	0	0	0	0	0	0	0	0	0	0	0	0	0	0	0
Kaufman	2	0	1	0	1	0	0	1	1	1	1	0	1	0	1	0	1	0	1	0	0	0	1	0	1	1
Kaufman	1	0	0	0	1	0	0	1	1	1	0	0	0	1	1	0	1	0	1	0	0	0	0	1	1	1
Kaufman	1	0	1	0	1	0	0	1	1	1	1	0	1	1	1	1	1	1	0	0	0	1	0	1	1	1
Kaufman	2	0	0	0	1	0	0	1	0	0	0	0	0	0	1	0	1	1	1	0	0	0	0	0	0	1
Kaufman	2	1	0	0	1	0	0	1	1	1	1	0	1	0	1	0	1	0	1	0	0	1	1	1	0	1
Kaufman	2	0	1	0	1	0	0	1	1	0	1	0	1	0	1	1	1	1	0	0	0	1	0	0	0	1
Kaufman	2	0	0	1	0	0	0	1	1	0	1	0	1	0	1	0	1	0	0	0	0	0	0	0	0	1
Kaufman	2	0	0	0	0	0	0	1	0	0	0	0	0	0	1	0	1	0	0	0	0	0	0	0	0	0
Kaufman	2	1	0	0	0	0	1	0	0	0	0	0	0	0	0	0	1	1	0	0	0	0	1	0	1	1
Kaufman	2	0	0	1	0	0	0	1	0	0	0	0	0	0	1	1	1	0	1	0	0	0	1	0	0	1
Kaufman	2	0	1	0	1	0	0	0	1	0	1	0	1	0	1	1	1	1	1	0	0	0	0	0	0	1
Kaufman	2	0	0	0	1	0	0	1	1	0	1	0	1	0	1	1	1	1	1	0	0	0	1	1	1	1
Kaufman	2	0	0	0	0	0	1	1	1	1	0	0	0	1	1	0	1	1	0	0	0	0	0	1	0	1
Kaufman	2	0	0	0	0	0	1	0	1	1	0	0	0	1	1	0	1	0	0	0	0	0	0	1	0	1
Kaufman	2	1	0	0	1	0	0	1	0	0	0	0	0	0	1	0	1	0	1	0	0	0	1	0	1	1
Kaufman	2	1	1	0	1	0	1	1	1	1	0	0	1	0	1	0	1	1	0	0	0	0	1	1	1	1
Kaufman	0	0	0	0	0	0	1	0	0	0	0	0	0	0	0	0	0	0	0	0	0	0	0	0	0	0
Kaufman	0	0	0	0	0	0	1	0	0	0	0	0	0	0	0	0	0	0	0	0	0	0	0	0	0	0
Kaufman	0	0	0	0	0	0	1	0	0	0	0	0	0	0	0	0	0	0	0	0	0	0	0	0	0	0
Kaufman	2	0	0	0	1	0	1	1	1	1	1	0	1	0	1	0	1	1	0	0	0	0	1	0	0	1
Kaufman	2	0	0	0	1	0	0	1	0	0	0	0	0	0	1	0	1	0	1	0	0	0	0	0	0	0
Kaufman	2	0	0	0	1	0	0	1	0	0	0	0	0	0	1	0	1	0	1	0	0	0	0	0	1	0
Kaufman	2	0	0	1	0	0	0	1	0	0	0	0	0	0	1	0	1	1	0	0	0	1	0	1	1	1
Kaufman	2	0	0	0	1	0	0	0	1	0	1	0	0	0	1	0	1	0	1	0	0	0	0	0	0	0
Kaufman	2	0	0	0	1	0	0	0	0	0	0	0	0	0	0	1	1	1	1	0	0	0	0	0	0	0
Kaufman	2	0	1	0	0	0	1	0	1	0	1	0	1	0	1	1	1	1	0	0	0	1	0	0	0	1
Kaufman	2	0	0	0	0	0	1	1	1	1	1	0	1	0	1	0	1	1	0	0	0	1	0	1	0	1
Kaufman	1	0	0	1	0	0	0	0	0	0	0	0	0	0	0	0	1	1	0	0	0	0	0	0	0	0
Kaufman	2	1	0	1	0	0	0	1	1	0	1	0	1	0	1	0	1	1	0	0	0	1	1	1	1	1
Kaufman	2	0	0	0	1	0	0	0	1	0	1	0	1	0	1	1	1	0	1	0	0	0	1	0	0	1
Kaufman	1	0	0	0	1	0	0	0	1	0	1	0	1	0	1	0	1	1	0	0	0	0	0	0	0	1
Kaufman	2	1	1	0	1	0	1	1	1	1	1	0	1	0	1	1	1	1	1	0	0	1	1	1	1	1
Kaufman	2	0	0	0	1	0	1	1	1	1	0	0	1	0	1	0	1	1	1	0	0	0	1	0	0	1
Kaufman	2	0	0	0	1	0	0	0	1	0	1	0	1	0	1	0	1	0	1	0	0	0	0	0	0	1
Kaufman	2	0	0	0	0	0	1	0	1	1	0	0	1	0	1	0	1	1	0	0	0	0	1	0	0	1
Kaufman	2	0	1	0	1	0	0	1	1	1	0	0	1	0	1	0	1	1	1	0	0	1	1	0	1	1
Kaufman	2	0	1	0	1	0	1	0	1	1	0	0	1	0	1	1	1	1	1	0	0	0	1	0	1	1
Kaufman	2	0	1	0	1	0	0	1	1	1	0	0	1	0	1	1	1	1	1	0	0	0	0	0	1	1
Kaufman	2	1	0	0	0	0	1	1	0	0	0	0	0	0	1	0	1	1	0	0	0	1	1	0	1	1
Kaufman	0	0	0	0	0	0	1	0	0	0	0	0	0	0	0	0	0	0	0	0	0	0	0	0	0	0
Kaufman	0	0	0	0	0	0	1	0	0	0	0	0	0	0	0	0	0	0	0	0	0	0	0	0	1	0
Kaufman	0	0	0	0	0	0	1	0	0	0	0	0	0	0	0	0	0	0	0	0	0	0	0	0	0	0
Kaufman	0	0	0	0	0	0	1	0	0	0	0	0	0	0	0	0	0	0	0	0	0	0	0	0	1	0
Kaufman	2	1	0	0	1	0	1	0	1	1	0	0	1	0	1	0	1	0	1	0	0	0	1	0	1	1
Kaufman	2	0	1	0	1	0	0	1	1	0	0	0	0	0	1	1	1	0	1	0	0	0	0	0	1	0
Kaufman	2	0	0	0	1	0	0	0	0	0	0	0	0	0	0	0	1	0	1	0	0	0	1	1	1	1
Kaufman	2	0	0	0	0	0	0	0	0	0	0	0	0	0	0	0	0	0	1	0	0	0	0	0	0	0
Kaufman	2	1	0	0	0	0	0	1	0	0	0	0	0	0	1	0	1	0	0	0	0	0	1	1	1	1
Kaufman	2	0	0	0	0	0	0	0	0	0	0	0	0	0	0	1	1	0	0	0	0	0	1	0	1	1
Kaufman	2	0	1	0	1	0	1	1	1	1	1	0	1	1	1	1	1	1	1	0	0	1	1	0	1	1
Kaufman	2	0	0	0	1	0	1	0	1	0	1	0	1	0	1	0	1	0	0	0	0	0	1	1	1	1
Kaufman	2	1	1	0	1	0	1	1	1	1	1	0	1	0	1	1	1	1	1	0	0	0	1	0	1	1
Kaufman	2	1	0	0	1	0	0	0	1	0	1	0	1	0	1	1	1	1	1	0	1	1	1	1	1	1
Kaufman	2	1	0	0	1	0	1	1	1	0	1	0	1	0	1	1	1	1	1	0	0	1	1	1	1	1
Kaufman	2	0	1	0	1	0	0	1	1	0	0	0	0	0	1	1	1	0	1	0	0	1	1	0	1	1
Kaufman	2	0	1	0	1	0	1	1	1	1	0	1	0	1	1	0	1	1	1	0	0	0	1	1	1	1
Kaufman	2	0	0	0	0	0	1	1	1	0	0	1	0	1	1	1	1	1	1	0	0	0	1	1	1	1
Kaufman	2	0	1	0	1	0	1	0	1	1	0	0	0	1	1	0	1	1	1	0	0	0	0	0	0	1
Kaufman	2	0	1	0	1	0	0	0	1	0	0	1	1	0	1	0	1	1	1	0	0	1	0	0	0	1
Kaufman	2	0	0	0	1	0	0	1	1	0	1	1	0	1	1	0	1	1	0	0	0	1	1	0	0	1
Kaufman	2	0	0	0	0	0	0	0	1	0	1	1	0	1	1	1	1	1	0	0	0	1	0	0	0	0
Kaufman	2	0	0	0	0	0	1	1	1	0	0	1	1	0	1	1	1	1	0	0	0	1	0	0	0	1
Kaufman	2	0	0	0	1	0	0	1	0	0	0	0	0	0	1	0	1	0	1	0	0	0	1	0	0	1
Kaufman	2	0	0	0	0	0	0	0	1	0	0	1	1	0	1	0	1	0	0	0	0	0	0	0	0	1
Kaufman	2	1	1	0	1	0	1	0	1	1	0	0	0	1	1	1	1	1	0	0	0	0	1	0	1	1
Kaufman	2	0	0	0	1	0	0	0	1	0	0	1	0	1	1	0	1	0	1	0	0	0	1	1	1	1
Kaufman	2	1	0	0	1	0	1	0	1	0	0	1	0	1	1	0	1	0	0	0	0	0	1	1	1	1
Kaufman	2	0	1	0	1	0	0	0	1	0	1	1	1	1	1	1	1	1	1	0	0	0	0	0	0	1
Kaufman	0	0	0	0	1	0	0	1	1	0	0	1	0	1	1	0	1	1	1	0	0	1	0	0	0	1
Kaufman	1	0	0	1	1	0	0	0	1	0	0	1	0	1	1	1	1	1	0	0	0	1	0	0	1	1
Kaufman	2	0	0	0	1	0	0	1	0	0	0	0	0	0	1	1	1	1	1	0	0	0	1	0	0	1
Kaufman	2	1	0	0	0	0	1	0	1	0	0	1	0	1	1	0	1	0	0	0	0	0	1	1	0	1
Kaufman	0	0	0	0	0	0	1	0	0	0	0	0	0	0	0	0	0	0	0	0	0	0	0	0	0	0
Kaufman	0	0	0	0	0	0	0	0	0	0	0	0	0	0	0	0	0	0	0	0	0	0	0	0	1	0
Kaufman	2	0	0	0	0	0	1	1	1	1	0	0	1	1	1	0	1	1	0	0	0	0	0	0	0	1
Kaufman	2	0	1	0	1	0	1	1	1	0	0	0	0	0	1	0	1	1	1	0	0	0	1	0	0	1
Kaufman	2	0	0	0	0	0	1	0	0	0	0	0	0	0	0	0	1	1	0	0	0	1	1	0	0	1
Kaufman	2	0	0	0	0	0	1	0	1	0	1	1	0	1	1	0	1	1	0	0	0	1	0	0	0	0
Kaufman	2	0	1	0	1	0	1	1	1	1	0	0	1	0	1	1	1	1	0	0	0	1	1	0	0	1
Kaufman	2	0	1	0	1	0	0	0	1	1	0	0	1	0	1	0	1	1	0	0	0	0	0	0	0	1
Kaufman	2	0	0	0	1	0	0	0	0	0	0	0	0	0	0	0	1	0	1	0	0	0	1	0	1	1
Kaufman	2	0	1	0	1	0	0	0	1	0	1	0	1	0	1	0	1	0	1	0	0	0	0	0	0	1
Kaufman	2	1	1	0	1	0	1	1	1	0	0	0	0	0	1	1	1	0	1	0	0	1	1	0	0	1
Kaufman	2	1	1	0	1	0	1	1	1	1	0	1	1	1	1	0	1	1	1	0	0	1	1	0	1	1
Kaufman	2	0	0	0	1	0	1	1	0	0	0	0	0	0	1	1	1	1	1	0	0	0	1	1	1	1
Kaufman	2	0	1	0	0	0	1	0	1	0	0	0	0	0	1	1	1	0	0	0	0	0	1	0	0	1
Kaufman	2	0	0	0	0	0	0	0	0	0	0	0	0	0	0	1	1	0	0	0	0	0	0	0	0	0
Kaufman	2	0	0	0	0	0	1	0	1	0	0	1	0	1	1	0	1	1	0	0	0	1	0	0	0	1
Kaufman	2	0	0	0	0	0	0	1	1	1	0	0	1	0	1	1	1	0	0	0	0	0	1	0	0	1
Kaufman	2	0	1	0	0	0	0	0	1	1	0	1	0	1	1	0	1	1	0	0	0	1	1	0	1	1
Kaufman	2	0	0	0	1	0	0	1	1	1	0	0	0	1	1	1	1	1	0	0	0	1	0	0	1	1
Kaufman	2	0	0	0	0	0	0	1	0	0	0	0	0	0	1	0	1	1	0	0	0	0	1	0	1	1
Kaufman	2	0	0	0	0	0	1	0	0	0	0	0	0	0	0	0	1	1	0	0	0	1	0	0	0	0
Kaufman	2	0	1	0	1	0	1	1	1	0	0	0	0	0	1	0	1	0	1	0	0	0	0	0	1	1
Kaufman	2	0	0	0	1	0	0	1	0	0	0	0	0	0	1	1	1	0	1	0	0	0	0	0	0	1
Kaufman	2	1	0	0	0	0	1	1	0	0	0	0	0	0	1	0	1	0	0	0	0	1	0	0	1	1
Kaufman	2	0	0	0	0	0	0	1	0	0	0	0	0	0	1	0	1	0	0	0	0	1	0	0	1	1
Kaufman	2	0	1	0	0	0	1	1	1	1	0	0	0	1	1	1	1	1	0	0	0	1	1	0	0	0
Kaufman	2	0	0	0	1	0	0	1	1	0	1	0	1	0	1	0	1	1	0	0	0	1	0	0	0	1
Kaufman	2	0	0	0	1	0	1	1	1	1	1	1	1	1	1	1	1	1	0	0	0	1	1	1	1	1
Kaufman	2	0	0	0	0	0	0	0	0	0	0	0	0	0	0	1	1	0	0	0	0	0	0	0	0	0
Kaufman	2	0	0	0	0	0	1	1	0	0	0	0	0	0	1	0	1	0	0	0	0	1	1	0	0	1
Kaufman	2	0	0	0	0	0	0	1	1	0	1	1	1	1	1	0	1	0	0	0	0	0	1	0	0	1
Kaufman	2	1	0	0	1	0	1	1	1	1	1	0	1	0	1	1	1	0	1	0	0	0	1	1	0	1
Kaufman	2	1	1	0	0	0	1	0	1	0	1	0	1	0	1	0	1	1	0	0	0	1	1	0	0	1
Kaufman	2	0	0	0	0	0	1	1	1	1	1	1	1	1	1	1	1	1	0	0	0	1	1	0	1	1
Kaufman	1	0	0	0	1	0	0	1	1	1	0	0	1	0	1	1	1	0	1	0	0	0	0	0	1	1
Kaufman	1	0	0	0	0	0	0	1	0	0	0	0	0	0	1	0	1	0	0	0	0	0	0	0	1	1
Kaufman	1	0	1	0	1	0	1	0	1	1	1	0	1	0	1	0	1	0	0	0	0	0	1	0	0	1
Levin	0	0	1	0	1	0	1	0	1	1	0	0	0	1	1	1	1	1	1	0	0	1	0	0	1	1
Levin	0	0	0	0	1	0	1	0	1	1	1	0	0	1	1	0	1	1	0	0	0	0	0	0	0	1
Levin	0	0	1	0	1	0	1	1	1	1	1	0	1	1	1	1	1	1	0	0	0	0	1	1	1	1
Levin	0	0	1	1	1	0	0	1	1	0	1	0	1	0	1	1	1	1	0	0	0	0	1	0	1	1
Levin	0	0	0	0	1	0	1	0	1	0	1	0	1	0	1	0	1	0	1	0	0	0	0	0	0	1
Levin	0	0	1	0	1	0	0	0	1	1	1	0	1	0	1	1	1	0	1	0	0	1	1	1	1	1
Levin	0	1	0	0	1	0	0	1	1	1	0	0	0	1	1	1	1	0	1	0	0	1	1	0	0	1
Levin	0	1	1	0	1	0	1	0	1	0	1	0	1	0	1	1	1	1	1	0	0	0	0	0	0	1
Levin	0	0	0	0	1	0	0	1	1	0	1	0	1	0	1	1	1	1	1	0	0	1	1	0	0	1
Levin	0	0	0	0	1	0	1	0	1	1	1	0	0	1	1	1	1	1	0	0	0	1	1	1	0	0
Levin	0	0	0	0	1	0	1	0	1	0	1	0	1	0	1	0	1	0	1	0	0	0	0	0	0	1
Levin	0	0	0	0	1	0	0	0	1	1	0	0	0	1	1	0	1	0	1	0	0	0	0	1	1	1
Levin	0	0	0	0	0	0	0	0	0	0	0	0	0	0	0	0	1	1	0	0	0	0	0	0	0	0
Levin	0	0	0	0	0	0	0	0	0	0	0	0	0	0	0	0	1	1	0	0	0	0	0	0	0	0
Levin	0	0	0	0	0	0	0	0	0	0	0	0	0	0	0	0	1	0	0	0	0	0	0	0	0	0
Levin	0	0	0	0	0	0	0	0	0	0	0	0	0	0	0	0	0	0	0	0	0	0	0	0	0	0
Levin	0	0	0	0	0	0	0	0	0	0	0	0	0	0	0	0	1	0	0	0	0	0	1	0	0	1
Levin	0	0	0	0	0	0	0	0	0	0	0	0	0	0	0	0	1	1	0	0	0	0	0	0	0	0
Levin	0	0	0	0	0	0	0	0	0	0	0	0	0	0	0	1	1	0	0	0	0	0	0	0	0	0
Levin	0	1	0	0	0	0	1	1	1	0	0	1	0	1	1	1	1	1	0	0	0	0	1	0	0	1
Levin	1	0	0	0	1	0	0	1	1	1	0	0	1	0	1	0	1	1	0	0	0	0	0	0	0	1
Levin	1	0	0	0	0	0	0	1	1	0	1	0	0	0	1	1	1	0	0	0	0	0	0	0	1	1
Levin	1	0	0	0	0	0	0	1	0	0	0	0	0	0	1	0	1	0	0	0	0	0	0	0	0	1
Levin	1	0	0	0	0	0	0	0	0	0	0	0	0	0	0	0	1	0	0	0	0	0	1	0	1	1
Levin	2	1	0	0	0	0	0	0	0	0	0	0	0	0	0	1	1	1	0	0	1	1	1	0	0	0
Levin	2	1	0	0	1	0	0	1	0	0	0	0	0	0	1	1	1	0	0	0	1	1	1	0	0	1
Levin	2	0	0	0	0	0	0	1	1	0	1	0	0	0	1	0	1	0	0	0	0	0	0	0	0	0
Levin	2	1	0	0	0	0	1	1	0	0	0	0	0	0	1	0	1	1	0	0	0	1	0	0	0	0
Levin	2	0	0	0	1	0	1	0	0	0	0	0	0	0	0	0	1	0	1	0	0	0	0	0	0	0
Levin	2	1	1	0	1	0	1	1	1	0	0	0	0	0	1	1	1	1	0	0	1	0	1	0	0	1
Levin	0	0	1	0	0	0	0	0	1	0	0	0	0	0	1	1	1	1	0	0	0	0	0	0	0	0
Levin	1	1	0	0	1	0	0	0	0	0	0	0	0	0	0	0	1	0	0	0	0	0	0	0	0	0
Levin	2	0	0	0	1	0	1	1	0	0	0	0	0	0	1	0	1	1	0	0	0	1	1	0	0	1
Levin	1	0	1	0	0	0	1	1	1	0	1	0	0	0	1	0	1	1	1	0	0	0	0	0	0	1
Levin	2	0	0	0	0	0	0	0	0	0	0	0	0	0	0	1	1	0	0	0	0	0	1	0	0	0
Levin	2	0	0	0	0	0	0	0	0	0	0	0	0	0	0	0	0	0	0	0	0	0	0	0	0	0
Levin	2	0	0	0	1	0	1	1	0	0	0	0	0	0	1	0	1	1	0	0	0	0	0	0	0	1
Levin	0	0	1	0	1	0	0	0	1	0	0	0	0	0	1	0	1	1	0	0	0	0	0	0	0	0
Levin	0	0	1	0	0	0	1	1	1	0	0	0	0	0	1	0	1	1	0	0	0	0	1	0	0	1
Levin	0	1	0	0	0	0	1	0	0	0	0	0	0	0	0	0	1	1	0	0	0	0	0	0	0	0
Levin	1	0	1	0	0	0	0	0	1	0	0	0	0	0	1	0	1	0	0	0	0	0	0	0	0	0
Levin	1	0	0	0	1	0	1	1	1	0	1	0	0	0	1	0	1	1	0	0	0	0	1	0	0	1
Levin	1	0	1	0	0	0	1	1	1	0	0	0	0	0	1	1	1	1	0	0	0	0	1	0	1	1
Levin	0	1	1	0	1	0	1	1	1	0	0	0	0	0	1	0	1	1	0	0	0	1	1	0	0	1
Levin	2	1	0	0	0	0	1	0	0	0	0	0	0	0	0	0	1	0	0	0	0	0	0	0	0	0
Levin	2	0	0	0	0	0	1	1	1	0	1	0	0	0	1	0	1	0	0	0	0	0	0	0	0	1
Levin	0	0	0	0	1	0	0	1	1	0	1	0	0	0	1	1	1	1	0	0	0	1	0	0	0	1
Levin	1	0	0	0	0	0	0	0	1	0	0	1	0	1	1	0	1	1	0	0	0	0	0	0	0	0
Levin	1	0	0	0	0	0	1	1	0	0	0	0	0	0	1	0	1	0	0	0	1	0	0	0	0	1
Levin	2	0	0	0	0	0	1	0	1	0	0	1	0	1	1	1	1	1	0	1	0	0	0	0	0	1
Levin	0	0	1	0	1	0	0	1	1	0	1	0	1	0	1	0	1	0	1	0	0	0	1	0	1	1
Levin	0	0	0	0	1	0	0	0	1	0	0	1	0	1	1	0	1	0	0	0	0	0	0	0	0	1
Levin	0	0	0	0	0	0	0	0	0	0	0	0	0	0	0	0	1	0	0	0	0	0	1	0	1	1
Levin	1	0	1	0	0	0	1	0	1	0	0	0	0	0	1	0	1	0	0	0	0	0	0	0	0	0
Levin	2	0	0	0	1	0	1	1	1	0	1	1	1	1	1	1	1	1	0	0	0	0	1	0	0	1
Levin	1	0	1	0	1	0	0	0	1	0	0	0	0	0	1	0	1	1	0	0	0	0	0	0	0	0
Levin	1	0	0	0	0	0	1	1	0	0	0	0	0	0	1	0	1	1	0	0	0	0	1	0	1	1
Levin	1	0	1	0	0	0	1	1	1	1	0	0	1	0	1	1	1	1	0	0	0	1	1	0	0	1
Levin	1	0	0	0	0	0	1	0	0	0	0	0	0	0	0	0	0	0	0	0	0	0	0	0	0	0
Levin	0	1	0	0	1	0	0	0	1	0	1	0	0	0	1	0	1	1	0	0	0	1	0	0	0	0
Levin	2	0	0	1	0	0	0	1	0	0	0	0	0	0	1	1	1	1	0	0	0	0	1	0	0	1
Levin	0	0	0	0	1	0	1	1	0	0	0	0	0	0	1	0	1	1	0	0	0	0	1	0	0	1
Levin	0	0	0	0	0	0	0	0	0	0	0	0	0	0	0	0	0	0	0	0	0	0	0	0	0	0
Levin	2	0	0	0	1	0	1	1	1	1	0	0	0	1	1	1	1	1	0	0	0	1	1	1	1	1
Levin	2	1	0	0	1	0	0	0	1	0	1	0	1	0	1	1	1	1	0	0	0	1	1	0	0	1
Levin	2	0	0	1	1	0	0	1	0	0	0	0	0	0	1	1	1	1	0	0	0	1	1	0	0	0
Levin	1	0	0	0	1	0	1	1	1	1	0	0	0	1	1	1	1	1	1	0	0	1	1	1	1	1
Levin	2	1	1	0	1	0	1	1	1	0	0	0	0	0	1	1	1	1	0	0	0	1	1	0	1	1
Levin	1	0	0	0	0	0	1	1	0	0	0	0	0	0	1	0	1	1	0	0	0	0	0	0	0	1
Levin	2	0	0	0	0	0	1	0	1	0	1	0	0	0	1	0	1	0	0	0	0	0	0	0	0	0
Levin	2	0	0	0	0	0	1	0	0	0	0	0	0	0	0	0	0	0	0	0	0	0	0	0	0	0
Levin	0	0	1	0	0	0	1	0	1	0	0	0	0	0	1	0	1	0	0	0	0	0	0	0	0	0
Levin	2	1	1	0	1	0	1	1	1	0	0	1	0	1	1	0	1	1	0	0	0	1	1	0	0	1
Levin	1	1	0	0	1	0	0	1	0	0	0	0	0	0	1	1	1	1	0	0	0	0	0	0	0	1
Levin	2	0	1	0	1	0	0	0	1	0	0	0	0	0	1	0	1	1	0	0	0	1	1	0	0	1
Levin	0	0	0	0	0	0	1	0	0	0	0	0	0	0	0	1	1	1	0	0	0	0	1	0	0	0
Levin	1	0	1	0	0	0	1	0	1	0	1	0	0	0	1	0	1	1	0	0	0	0	0	0	0	0
Levin	1	0	0	0	0	0	1	0	0	0	0	0	0	0	0	0	0	0	0	0	0	0	0	0	0	0
Levin	0	0	0	0	1	0	0	0	0	0	0	0	0	0	0	0	1	0	1	0	0	0	0	0	0	0
Levin	1	1	0	0	1	0	0	1	1	1	0	0	1	0	1	0	1	1	0	0	0	1	1	0	1	1
Levin	1	0	0	0	0	0	0	0	0	0	0	0	0	0	0	1	1	0	0	0	0	0	1	0	1	1
Levin	1	0	1	0	1	0	0	1	1	0	0	1	0	1	1	1	1	1	1	0	0	0	1	0	1	1
Levin	1	0	0	0	1	0	1	0	1	0	1	1	0	1	1	1	1	1	1	0	0	0	1	0	0	1
Levin	2	0	0	0	0	0	0	1	0	0	0	0	0	0	1	1	1	1	0	0	0	0	0	0	0	0
Levin	2	0	0	0	1	0	0	1	0	0	0	0	0	0	1	1	1	1	0	0	0	1	1	0	0	0
Levin	2	1	0	0	1	0	0	1	1	1	0	0	1	0	1	0	1	1	0	0	0	1	1	0	1	1
Levin	2	1	0	0	1	0	1	0	0	0	0	0	0	0	0	1	1	0	1	0	0	0	1	0	1	1
Levin	0	0	0	0	0	0	0	0	1	1	0	0	1	0	1	1	1	1	0	0	0	0	0	1	0	1
Levin	2	0	0	0	0	0	0	1	1	0	1	0	1	0	1	1	1	0	0	0	0	1	1	0	0	1
Levin	0	0	0	0	1	0	0	0	0	0	0	0	0	0	0	0	0	0	1	0	0	0	0	0	0	0
Levin	1	0	0	0	1	0	1	1	1	1	1	1	1	1	1	1	1	1	0	0	0	1	1	1	1	1
Levin	0	0	1	0	0	0	1	1	1	1	1	0	1	1	1	0	1	1	0	0	0	0	1	0	1	1
Levin	2	1	0	0	1	0	0	1	0	0	0	0	0	0	1	1	1	1	1	0	0	1	0	0	0	1
Levin	0	0	0	0	0	0	0	0	0	0	0	0	0	0	0	0	1	0	0	0	0	0	0	0	0	0
Levin	0	1	0	0	1	0	0	0	0	0	0	0	0	0	0	0	1	1	0	0	0	0	0	0	0	0
Levin	1	1	0	0	0	0	1	1	1	0	1	0	1	0	1	0	1	1	0	0	0	0	1	0	0	1
Levin	1	0	0	0	0	0	0	1	0	0	0	0	0	0	1	1	1	1	0	0	0	0	1	0	1	0
Levin	2	0	1	0	0	0	0	1	1	0	1	0	1	0	1	0	1	1	0	0	0	1	1	0	1	1
Levin	0	0	0	0	0	0	0	0	1	0	1	0	0	0	1	1	1	0	0	0	0	0	0	0	0	0
Levin	2	0	0	0	0	0	1	1	0	0	0	0	0	0	1	0	1	0	0	0	1	0	1	0	1	1
Levin	1	0	0	0	0	0	0	0	1	0	1	0	1	0	1	1	1	0	0	0	0	0	0	1	0	1
Levin	0	0	0	0	0	0	0	0	0	0	0	0	0	0	0	0	1	1	0	0	0	0	0	0	0	0
Levin	1	1	1	1	1	0	0	0	1	0	1	0	0	0	1	1	1	1	0	0	0	1	1	0	1	1
Levin	3	1	0	1	0	0	0	1	1	0	1	1	1	1	1	1	1	1	0	0	1	1	1	0	1	1
Levin	2	0	0	0	1	0	1	1	1	1	0	0	1	1	1	0	1	1	1	0	0	0	0	0	0	1
Levin	2	1	0	0	0	0	1	0	1	1	1	0	1	0	1	1	1	0	0	0	0	1	1	1	0	1
Levin	2	1	0	0	1	0	0	1	0	0	0	0	0	0	1	0	1	1	0	0	1	1	1	0	1	1
Levin	2	0	0	1	1	0	0	1	1	0	1	0	1	0	1	1	1	1	0	0	0	1	1	0	0	1
Levin	2	0	0	0	1	0	1	1	1	0	1	0	1	0	1	0	1	1	0	0	0	1	1	0	0	1
Levin	2	1	0	0	1	0	1	1	1	0	1	1	1	1	1	1	1	1	0	0	0	1	0	0	1	1
Levin	2	1	0	0	1	0	0	1	1	0	1	1	1	1	1	1	1	1	0	0	0	0	1	1	1	1
Levin	2	1	0	0	1	0	1	1	1	1	0	1	1	1	1	1	1	1	1	0	0	1	1	1	1	1
Levin	1	1	0	0	1	0	1	1	1	1	1	0	1	1	1	1	1	1	0	0	0	1	1	0	1	1
Levin	2	0	1	0	0	0	1	1	1	1	1	0	1	1	1	0	1	1	0	0	0	1	1	0	1	1
Levin	2	0	0	0	1	0	0	1	0	0	0	0	0	0	1	0	1	1	0	0	0	1	1	0	0	1
Levin	2	0	0	0	0	0	1	1	0	0	0	0	0	0	1	0	1	1	0	0	0	0	1	0	0	1
Levin	2	0	0	0	0	0	0	0	1	0	1	0	1	0	1	1	1	1	0	0	0	1	1	1	0	1
Levin	1	0	0	0	1	0	0	0	1	0	1	0	1	0	1	1	1	0	0	0	0	1	1	1	0	1
Levin	1	0	0	0	1	0	1	1	1	1	1	0	1	1	1	1	1	1	1	0	0	0	1	1	1	1
Levin	1	0	0	0	0	0	1	1	0	0	0	0	0	0	1	0	1	1	0	0	0	0	1	0	0	0
Levin	1	1	0	0	0	0	1	0	1	1	0	0	0	1	1	0	1	0	0	0	0	0	0	0	1	1
Levin	1	0	0	0	0	0	1	1	1	1	0	0	0	1	1	0	1	1	0	0	0	1	0	0	1	1
Levin	2	1	0	0	0	0	1	1	1	1	1	0	1	1	1	0	1	1	0	0	0	1	1	0	1	1
Levin	1	1	0	0	0	0	0	0	0	0	0	0	0	0	0	0	1	1	0	0	0	0	0	0	0	0
Levin	1	1	0	0	0	0	1	1	0	0	0	0	0	0	1	1	1	1	0	0	0	0	0	0	0	1
Levin	2	0	0	0	1	0	0	0	1	1	0	0	1	0	1	0	1	0	0	0	0	1	1	0	1	1
Levin	1	1	0	0	0	0	0	1	1	0	1	0	1	0	1	1	1	1	0	0	0	1	1	0	1	1
Levin	1	0	0	0	0	0	0	0	0	0	0	0	0	0	0	0	1	0	0	0	0	0	1	0	1	1
Levin	2	1	1	1	0	0	0	1	1	0	1	0	1	0	1	1	1	1	0	0	0	1	1	1	1	1
Levin	2	0	1	0	1	0	0	1	1	0	1	1	1	1	1	1	1	1	1	0	0	1	0	0	1	1
Levin	2	0	0	0	1	0	0	0	1	0	1	1	1	1	1	0	1	0	0	0	0	0	0	0	1	1
Levin	0	0	0	0	1	0	0	0	0	0	0	0	0	0	0	1	1	0	1	0	0	0	0	0	0	0
Levin	3	1	1	0	1	1	0	1	1	0	1	1	1	1	1	1	1	1	0	0	0	1	1	0	1	1
Levin	3	0	0	0	1	0	1	1	1	0	1	0	1	0	1	0	1	0	1	0	0	0	1	1	1	1
Levin	2	1	0	0	0	0	1	1	0	0	0	0	0	0	1	0	1	1	0	0	0	0	1	0	1	1
Levin	3	1	0	0	0	0	1	1	0	0	0	0	0	0	1	0	1	1	0	0	0	1	0	0	1	1
Levin	3	0	1	1	0	0	0	1	1	0	1	1	1	1	1	0	1	1	0	0	0	1	1	1	1	1
Levin	2	1	1	0	0	0	1	0	1	0	1	0	1	0	1	0	1	1	0	0	0	1	1	0	1	1
Levin	2	0	1	0	0	0	1	0	1	0	0	0	0	0	1	0	1	1	0	0	0	0	1	0	0	0
Levin	2	0	0	0	1	0	0	0	1	1	1	0	1	0	1	1	1	1	0	0	0	0	0	0	0	1
Levin	2	0	0	0	1	0	0	0	1	0	1	0	1	0	1	0	1	0	0	0	0	0	0	0	1	1
Levin	2	0	0	0	0	0	1	1	1	0	1	0	0	0	1	1	1	1	0	0	1	1	1	0	1	1
Levin	2	1	0	0	0	0	1	1	1	1	0	0	0	1	1	0	1	1	0	0	0	0	0	0	0	1
Levin	2	1	0	0	0	0	0	0	0	0	0	0	0	0	0	1	1	0	0	0	0	0	1	0	1	1
Levin	2	0	0	0	0	0	0	0	1	0	1	0	1	0	1	1	1	1	0	0	0	0	1	1	1	1
Levin	2	0	0	0	0	0	0	1	1	1	1	0	1	1	1	0	1	1	0	0	0	0	0	0	1	1
Levin	2	1	1	0	1	0	1	1	1	1	0	0	0	1	1	1	1	1	0	0	0	0	1	0	1	1
Levin	2	0	0	0	0	0	0	0	1	1	0	0	0	1	1	0	1	1	0	0	0	1	1	0	1	1
Levin	2	0	0	0	0	0	0	1	0	0	0	0	0	0	1	0	1	0	0	0	0	0	0	0	0	0
Levin	2	0	0	0	0	0	1	0	0	0	0	0	0	0	0	0	0	0	0	0	0	0	0	0	0	0
Levin	2	1	0	1	0	0	0	1	1	0	1	0	1	0	1	1	1	1	0	0	0	0	1	1	1	1
Levin	2	1	0	0	0	0	1	1	0	0	0	0	0	0	1	0	1	0	0	0	0	1	0	0	0	1
Levin	2	1	0	1	1	0	0	1	1	0	1	0	1	0	1	0	1	1	0	0	0	1	1	1	1	1
Levin	2	0	1	1	0	0	1	1	1	0	0	0	0	0	1	1	1	1	0	0	0	0	1	1	1	1
Levin	3	0	0	0	1	0	1	0	1	0	0	1	0	1	1	0	1	0	1	0	0	0	1	0	0	1
Levin	3	0	0	0	1	0	1	0	1	0	0	1	0	1	1	0	1	0	1	0	0	0	1	0	0	1
Levin	2	0	0	0	1	0	1	0	1	0	1	1	1	1	1	0	1	0	1	0	0	1	0	0	1	1
Levin	1	0	0	0	1	0	1	1	1	0	1	0	1	0	1	1	1	0	1	0	0	0	0	0	0	1
Levin	1	1	1	0	1	0	1	1	1	0	1	1	1	1	1	1	1	1	0	0	0	0	1	0	0	1
Levin	1	0	0	0	0	0	0	1	1	0	1	0	0	0	1	0	1	0	0	0	0	0	1	0	1	1
Levin	2	0	0	1	0	0	0	1	1	0	1	0	1	0	1	0	1	0	0	0	1	0	0	0	0	1
Levin	2	0	0	0	1	0	1	1	0	0	0	0	0	0	1	0	1	0	0	0	0	0	1	0	1	1
Levin	2	0	0	0	0	0	1	1	1	1	0	0	0	1	1	0	1	0	0	0	0	0	0	0	0	1
Levin	2	1	0	0	0	0	1	1	1	1	0	0	0	1	1	0	1	0	0	0	1	0	1	0	1	1
Levin	2	0	0	1	1	0	1	1	1	0	1	0	0	0	1	1	1	1	1	0	0	1	1	0	1	1
Levin	1	0	1	1	0	0	0	0	1	0	0	0	0	0	1	1	1	1	0	0	0	0	0	0	0	0
Levin	2	0	1	0	1	0	1	1	1	1	1	0	1	1	1	1	1	1	1	0	0	1	1	0	1	1
Levin	2	0	0	0	1	0	0	0	1	0	1	0	1	0	1	0	1	0	0	0	0	0	0	0	0	1
Levin	2	1	0	0	0	0	1	1	0	0	0	0	0	0	1	0	1	1	0	0	1	1	0	0	1	1
Levin	2	0	0	0	1	0	0	0	1	0	1	0	1	0	1	1	1	1	1	0	0	0	0	0	0	1
Levin	2	0	1	0	0	0	1	1	1	1	1	0	1	0	1	0	1	1	0	0	0	1	1	0	1	1
Levin	1	0	0	0	0	0	1	1	1	1	1	0	1	0	1	0	1	1	0	0	0	1	0	0	0	1
Levin	2	0	0	0	1	0	0	0	1	0	1	0	1	0	1	0	1	1	1	0	0	0	0	0	0	1
Levin	2	0	0	0	0	0	1	0	1	1	0	0	1	0	1	0	1	1	0	0	0	0	0	0	0	1
Levin	2	0	1	0	0	0	0	0	1	0	0	0	0	0	1	0	1	0	0	0	0	0	1	0	1	1
Levin	2	0	0	0	0	0	0	1	1	0	1	0	1	0	1	0	1	0	0	0	0	0	0	0	1	1
Levin	2	0	1	0	0	0	1	1	1	0	1	0	1	0	1	1	1	1	0	0	0	0	1	0	0	1
Levin	2	1	1	0	1	0	1	1	1	0	1	0	1	0	1	1	1	1	1	0	0	0	1	0	1	1
Levin	2	0	1	0	1	0	1	1	1	1	1	0	1	1	1	1	1	1	0	0	0	1	1	0	1	1
Levin	2	0	0	1	0	0	0	1	1	0	1	0	1	0	1	0	1	1	0	0	0	1	1	1	1	1
Levin	2	1	0	1	1	0	0	1	1	0	1	0	1	0	1	1	1	0	0	0	0	0	0	1	0	1
Levin	2	0	0	1	1	0	0	1	1	0	1	0	1	0	1	1	1	1	1	0	0	1	1	1	1	1
Levin	2	1	1	0	0	0	1	1	1	0	1	0	1	0	1	1	1	1	0	0	0	1	1	0	1	1
Levin	3	0	0	0	1	0	0	0	1	1	0	0	0	1	1	0	1	0	1	0	0	0	0	0	0	1
Levin	2	0	0	0	0	0	1	0	1	1	0	0	1	0	1	0	1	0	0	0	0	1	0	0	0	0
Levin	2	0	0	0	1	0	1	0	1	1	0	0	1	0	1	0	1	1	1	0	0	1	0	0	0	0
Levin	2	1	1	0	1	0	0	1	1	0	1	0	1	0	1	1	1	1	0	0	0	1	1	0	1	1
Levin	2	0	0	0	0	0	0	1	0	0	0	0	0	0	1	0	1	0	0	0	0	0	1	0	1	1
Levin	2	1	0	0	1	0	0	1	0	0	0	0	0	0	1	0	1	1	0	0	0	1	0	0	0	0
Levin	2	1	1	0	0	0	0	0	1	0	1	0	1	0	1	0	1	1	0	0	0	0	1	0	0	1
Levin	2	0	0	0	0	0	0	1	1	0	1	0	1	0	1	0	1	1	0	0	0	0	0	0	1	1
Levin	2	0	1	1	0	0	0	1	1	0	1	0	1	0	1	0	1	1	1	0	0	0	1	0	1	1
Levin	2	0	0	0	0	0	1	1	1	1	0	0	1	0	1	0	1	0	0	0	0	1	0	0	1	1
Levin	2	0	0	0	0	0	1	1	1	0	1	0	1	0	1	0	1	1	0	0	0	0	0	0	0	1
Levin	2	0	0	0	0	0	1	1	1	0	1	0	0	0	1	0	1	1	0	0	0	0	1	0	1	1
Levin	2	1	0	0	1	0	1	1	1	1	1	0	1	0	1	0	1	1	0	0	0	1	0	0	1	1
Levin	2	1	0	0	1	0	1	1	1	0	1	0	1	0	1	1	1	1	1	0	0	0	1	1	1	1
Levin	2	1	0	0	1	0	1	1	1	0	1	0	1	0	1	1	1	1	1	0	0	1	1	1	1	1
Levin	0	0	0	0	0	0	0	0	0	0	0	0	0	0	0	0	1	1	0	0	0	0	0	0	0	0
Levin	1	0	1	0	1	0	0	0	1	0	0	0	0	0	1	0	1	1	0	0	0	1	1	0	0	0
Levin	1	1	0	0	0	0	1	1	1	0	1	0	1	0	1	0	1	0	0	0	0	0	0	0	1	1
Levin	2	0	0	1	0	0	0	1	1	0	1	0	1	0	1	1	1	0	0	0	0	1	1	1	1	1
Levin	2	1	1	0	0	0	1	0	1	0	1	0	1	0	1	0	1	0	0	0	0	0	1	1	1	1
Levin	2	0	1	0	0	0	0	0	1	0	0	0	0	0	1	0	1	1	0	0	0	0	0	0	0	0
Levin	2	0	0	0	0	0	0	1	1	0	1	0	1	0	1	0	1	1	0	0	0	0	0	0	1	1
Levin	2	0	0	0	0	0	0	1	1	0	1	0	1	0	1	0	1	1	0	0	0	1	1	0	1	1
Levin	2	1	0	1	0	0	0	1	0	0	0	0	0	0	1	0	1	1	0	0	0	0	0	0	0	1
Levin	2	1	0	0	0	0	1	1	0	0	0	0	0	0	1	0	1	0	0	0	0	1	0	0	1	1
Levin	3	0	1	0	0	1	1	1	1	0	0	0	0	0	1	0	1	1	0	0	0	0	1	0	1	1
Levin	2	1	0	0	1	0	1	1	1	0	1	0	1	0	1	1	1	1	1	0	0	1	1	1	0	1
Levin	2	0	0	0	1	0	0	1	1	1	1	0	1	0	1	1	1	1	0	0	0	1	1	0	1	1
Levin	2	0	1	0	0	0	1	1	1	0	1	0	1	0	1	1	1	1	0	0	0	1	1	0	1	1
Levin	2	0	0	0	0	0	1	0	1	0	1	0	1	0	1	0	1	0	0	0	0	1	1	0	1	1
Levin	2	1	0	0	1	0	0	0	1	0	1	0	1	0	1	1	1	1	0	0	0	0	1	0	1	1
Levin	2	0	0	0	0	0	1	1	0	0	0	0	0	0	1	1	1	0	0	0	0	0	1	0	1	1
Levin	2	0	1	0	0	0	0	1	1	0	1	0	1	0	1	0	1	1	0	0	0	1	1	0	1	1
Levin	0	0	0	0	0	0	1	1	0	0	0	0	0	0	1	0	1	1	0	0	0	0	0	0	0	1
Levin	2	0	0	1	0	0	0	0	1	0	1	0	1	0	1	0	1	0	0	0	0	1	1	1	1	1
Levin	2	1	0	0	1	0	0	1	1	0	1	0	1	0	1	1	1	1	0	0	0	0	1	1	1	1
Levin	2	0	0	0	1	0	0	1	1	0	1	0	1	0	1	1	1	1	0	0	0	0	0	0	0	1
Levin	2	1	0	0	0	0	0	1	1	0	1	0	0	0	1	1	1	1	0	0	0	0	0	0	1	1
Levin	2	0	0	0	0	0	1	0	0	0	0	0	0	0	0	0	1	1	0	0	0	1	0	0	0	0
Levin	2	0	1	0	1	0	1	1	1	0	0	0	0	0	1	1	1	1	1	0	0	0	1	0	0	1
Levin	2	0	0	0	0	0	0	1	1	0	1	0	1	0	1	0	1	0	0	0	0	0	1	1	1	1
Levin	2	0	1	0	0	0	0	0	1	0	0	0	0	0	1	0	1	0	0	0	0	0	1	0	0	0
Levin	2	0	1	0	0	0	1	1	1	0	1	0	1	0	1	0	1	1	0	0	0	1	0	0	1	1
Levin	2	0	0	0	0	0	0	0	1	0	1	0	1	0	1	0	1	0	0	0	0	1	1	1	1	1
Levin	2	0	0	0	1	0	1	1	0	0	0	0	0	0	1	0	1	1	1	0	0	0	0	0	1	1
Levin	1	1	0	1	1	0	0	0	1	0	0	1	0	1	1	0	1	0	1	0	0	1	1	0	0	1
Levin	2	1	0	0	1	0	0	1	1	0	1	0	1	0	1	1	1	1	0	0	0	0	0	0	1	1
Levin	2	0	0	1	0	0	0	1	1	0	1	1	1	1	1	0	1	1	0	0	0	0	1	1	1	1
Levin	2	0	0	0	0	0	0	0	0	0	0	0	0	0	0	0	1	1	0	0	0	1	0	0	0	0
Levin	2	0	0	0	1	0	0	1	1	0	1	0	1	0	1	1	1	1	0	0	0	1	1	1	1	1
Levin	2	1	0	0	0	0	0	1	1	0	1	0	1	0	1	0	1	0	0	0	0	0	1	0	0	1
Levin	2	0	0	1	0	0	0	1	0	0	0	0	0	0	1	0	1	1	0	0	0	1	0	1	1	1
Levin	2	0	0	0	1	0	1	1	1	0	1	1	1	1	1	0	1	1	1	0	0	0	1	1	1	1
Levin	2	0	1	0	0	0	1	1	1	0	1	0	1	0	1	0	1	1	0	0	0	1	1	1	1	1
Levin	2	0	0	0	0	0	1	1	1	0	1	0	1	0	1	0	1	0	0	0	0	0	0	0	1	1
Levin	2	0	0	0	1	0	0	1	1	0	1	1	1	1	1	0	1	0	1	0	0	0	1	1	1	1
Levin	2	1	0	0	0	0	1	1	1	0	1	1	1	1	1	0	1	0	0	0	0	0	1	1	1	1
Levin	2	1	0	0	0	0	0	1	0	0	0	0	0	0	1	0	1	0	0	0	0	0	1	0	1	1
Levin	1	0	0	0	0	0	0	1	0	0	0	0	0	0	1	1	1	1	0	0	0	1	1	0	0	0
Levin	2	1	0	0	1	0	0	1	1	0	1	0	0	0	1	0	1	1	0	0	0	1	0	0	0	0
Levin	1	0	1	0	1	0	1	0	1	1	0	0	1	0	1	0	1	0	0	0	0	0	1	0	0	1
Levin	2	0	0	0	1	0	0	0	1	0	1	0	1	0	1	0	1	0	1	0	0	0	1	1	1	1
Levin	2	0	0	0	1	0	1	0	1	0	1	0	1	0	1	0	1	1	1	0	0	0	1	1	1	1
Levin	2	0	0	0	1	0	1	1	1	1	1	0	1	1	1	1	1	1	0	0	0	1	1	0	1	1
Levin	2	0	0	0	0	0	1	1	1	0	1	0	1	0	1	0	1	1	0	0	0	1	1	0	1	1
Levin	2	0	0	0	0	0	0	0	1	0	1	0	1	0	1	0	1	1	0	0	0	0	1	0	1	1
Levin	2	0	1	0	0	0	1	1	1	0	1	0	1	0	1	0	1	1	0	0	0	1	1	1	1	1
Levin	2	0	1	0	1	0	1	1	1	0	1	0	1	0	1	1	1	1	0	0	0	1	1	0	1	1
Levin	2	0	0	0	1	0	0	0	1	0	1	0	0	0	1	1	1	1	1	0	0	1	1	0	1	1
Levin	2	1	0	0	1	0	1	1	1	1	1	0	1	0	1	0	1	0	0	0	0	1	1	0	1	1
Levin	2	1	1	0	1	0	1	0	1	0	1	0	1	0	1	1	1	1	0	0	0	1	1	0	1	1
Levin	2	0	0	0	0	0	1	1	1	1	1	1	1	1	1	0	1	1	0	0	0	0	1	0	1	1
Levin	2	0	1	0	0	0	1	1	1	0	1	1	1	1	1	1	1	1	0	0	0	1	1	0	1	1
Levin	2	0	0	0	0	0	0	0	1	0	1	0	1	0	1	0	1	1	0	0	0	0	1	0	1	1
Levin	2	1	0	0	1	0	1	0	0	0	0	0	0	0	0	1	1	1	0	0	0	1	0	0	0	0
Levin	2	0	1	0	1	0	1	0	1	0	1	0	1	0	1	1	1	1	1	0	0	1	1	0	1	1
Levin	2	0	0	0	1	0	0	1	0	0	0	0	0	0	1	0	1	0	0	0	0	0	1	0	1	1
Levin	2	0	0	0	0	0	0	0	1	0	1	0	1	0	1	0	1	0	0	0	0	0	1	0	1	1
Levin	2	1	1	0	0	0	0	0	1	0	0	0	0	0	1	0	1	1	0	0	0	0	1	0	0	0
Levin	2	0	0	0	1	0	1	1	1	0	1	0	1	0	1	1	1	0	0	0	0	0	1	0	1	1
Levin	3	0	0	0	0	0	1	0	1	0	1	0	1	0	1	1	1	1	0	0	0	0	0	1	0	1
Levin	3	0	0	1	1	0	1	0	1	1	1	0	1	0	1	0	1	0	1	0	0	0	1	1	1	1
Levin	2	0	0	0	0	0	0	0	1	1	1	0	1	0	1	1	1	1	0	0	0	1	1	1	0	1
Levin	2	1	0	0	1	0	0	1	1	1	1	0	1	0	1	1	1	1	1	0	0	1	1	1	1	1
Levin	2	0	0	1	1	0	0	1	1	1	1	0	1	0	1	0	1	0	1	0	0	0	1	1	1	1
Levin	3	0	1	0	1	0	1	1	1	0	0	0	0	0	1	0	1	1	0	0	0	0	0	0	0	1
Levin	2	0	0	0	0	0	1	1	1	1	1	0	1	0	1	1	1	1	0	0	0	0	0	0	1	1
Levin	2	0	0	0	1	0	1	1	1	1	0	0	1	0	1	0	1	0	0	0	0	1	1	1	1	1
Levin	0	0	0	0	0	0	0	1	0	0	0	0	0	0	1	1	1	0	0	0	0	0	0	0	0	1
Levin	2	0	1	0	0	0	1	1	1	1	1	0	1	0	1	0	1	1	0	0	0	1	1	0	1	1
Levin	2	1	0	0	0	0	1	1	1	1	1	0	1	0	1	0	1	1	0	0	0	1	1	0	0	1
Levin	3	0	1	1	0	0	0	0	1	0	1	0	1	0	1	0	1	0	0	0	0	0	1	1	1	1
Levin	2	1	0	0	0	0	1	1	1	0	1	0	1	0	1	0	1	1	0	0	0	0	1	0	1	1
Levin	2	0	1	0	0	0	1	1	1	0	1	0	1	0	1	0	1	1	0	0	0	1	1	0	1	1
Levin	2	0	0	0	1	0	0	0	1	1	0	0	1	1	1	1	1	0	1	0	0	0	1	0	1	1
Levin	2	0	0	0	1	0	0	1	1	1	0	0	1	1	1	1	1	1	0	0	0	0	1	1	1	1
Levin	2	1	0	0	1	0	1	1	1	0	1	0	1	0	1	0	1	1	1	0	0	1	1	0	0	1
Levin	0	0	0	0	0	0	1	0	0	0	0	0	0	0	0	0	0	0	0	0	0	0	0	0	0	0
Levin	0	0	0	0	1	0	1	0	1	0	1	0	1	0	1	0	1	0	0	0	0	0	0	0	0	1
Levin	0	0	0	0	1	0	1	0	1	0	1	0	1	0	1	0	1	0	0	0	0	0	0	0	0	1
Levin	0	0	0	0	0	0	1	0	1	0	1	0	1	0	1	0	1	0	0	0	0	0	0	0	0	1
Levin	0	0	0	0	1	0	1	0	1	0	1	0	1	0	1	0	1	0	0	0	0	0	0	0	0	1
Levin	0	0	0	0	1	0	1	0	1	0	1	0	1	0	1	1	1	0	0	0	0	0	0	0	0	1
McCain	0	0	0	0	1	0	1	0	1	0	1	0	1	0	1	0	1	1	1	0	0	0	0	0	0	1
McCain	1	1	1	1	0	0	0	1	1	0	1	0	1	0	1	0	1	1	0	0	0	1	1	1	0	1
McCain	1	0	1	1	0	0	0	0	1	0	1	0	0	0	1	1	1	1	0	0	0	0	1	0	1	1
McCain	1	0	0	0	1	0	0	0	1	0	1	0	1	0	1	1	1	0	1	0	0	0	0	0	0	1
McCain	1	0	0	1	0	0	0	0	0	0	0	0	0	0	0	1	1	1	0	0	0	1	0	0	0	0
McCain	1	0	0	1	0	0	0	1	1	0	1	0	1	0	1	1	1	0	0	0	0	0	1	1	0	1
McCain	1	0	0	0	0	0	0	0	1	0	1	0	1	0	1	1	1	0	1	0	0	1	1	1	1	1
McCain	1	0	0	0	0	0	1	0	0	0	0	0	0	0	0	0	0	0	0	0	0	0	0	0	0	0
McCain	1	0	1	0	1	0	0	1	1	0	1	0	1	0	1	1	1	1	0	0	0	0	1	1	0	1
McCain	1	0	0	0	1	0	1	0	1	1	1	0	1	0	1	0	1	0	1	0	0	1	1	1	0	1
McCain	1	0	0	0	1	0	0	1	0	0	0	0	0	0	1	1	1	1	1	0	0	1	1	0	1	1
McCain	0	0	0	1	0	0	0	1	0	0	0	0	0	0	1	0	1	0	0	0	0	0	1	0	1	1
McCain	0	0	0	1	0	0	0	0	0	0	0	0	0	0	0	0	0	0	0	0	0	0	0	0	0	0
McCain	0	0	0	1	0	0	0	0	1	0	1	0	0	0	1	1	1	0	0	0	0	0	1	0	0	1
McCain	0	0	0	0	1	0	1	0	0	0	0	0	0	0	0	0	1	1	1	0	0	0	0	0	0	0
McCain	1	0	0	0	1	0	1	1	1	0	1	0	1	0	1	1	1	1	1	0	0	1	0	0	1	1
McCain	1	0	0	1	0	0	0	1	1	0	1	0	1	0	1	0	1	0	1	0	0	1	0	0	1	1
McCain	1	0	1	1	1	0	0	0	1	0	1	0	1	0	1	1	1	0	0	0	0	0	1	0	1	1
McCain	1	0	1	0	0	0	1	1	1	1	0	1	1	1	1	0	1	0	0	0	0	1	0	0	1	1
McCain	0	0	1	0	0	0	1	0	1	0	0	0	0	0	1	0	1	1	0	0	0	0	0	0	0	0
McCain	1	0	1	1	1	0	0	0	1	0	0	1	0	1	1	0	1	0	0	0	0	0	0	0	1	1
McCain	1	0	0	0	1	0	1	0	0	0	0	0	0	0	0	1	1	0	1	0	0	1	1	0	1	1
McCain	1	0	1	0	1	0	0	0	1	0	0	0	0	0	1	1	1	1	1	0	0	1	0	0	1	1
McCain	2	0	1	0	1	0	0	0	1	0	0	1	0	1	1	0	1	1	0	0	0	1	0	0	0	1
McCain	0	1	0	0	1	0	0	1	1	0	1	0	1	0	1	1	1	1	0	0	0	0	1	0	0	1
McCain	0	0	1	0	0	0	1	0	1	1	0	0	0	1	1	0	1	1	0	0	0	1	1	1	1	1
McCain	0	0	0	0	1	0	1	0	1	1	0	0	0	1	1	1	1	1	0	0	0	1	1	0	0	1
McCain	1	1	0	1	0	0	1	1	1	0	1	0	1	0	1	1	1	1	0	0	0	0	1	0	1	1
McCain	0	0	0	0	1	0	0	0	0	0	0	0	0	0	0	0	0	0	1	0	0	0	0	0	0	0
McCain	2	0	0	1	0	0	0	0	1	0	1	0	1	0	1	1	1	1	0	0	0	1	1	0	0	1
McCain	0	0	0	0	1	0	0	0	1	0	1	0	1	0	1	0	1	0	0	0	0	0	0	0	0	1
McCain	1	1	0	0	1	0	1	1	1	1	1	0	1	0	1	1	1	1	1	0	0	1	1	0	1	1
McCain	0	0	0	0	0	0	0	0	1	1	0	0	0	1	1	0	1	0	0	0	0	0	0	0	0	1
McCain	1	0	1	0	1	0	1	1	1	1	1	1	1	1	1	1	1	1	1	0	0	1	1	0	1	1
McCain	0	0	1	0	0	0	1	1	1	0	0	0	0	0	1	1	1	1	0	0	0	0	1	0	1	1
McCain	1	0	0	0	0	0	0	0	0	0	0	0	0	0	0	0	1	1	0	0	0	0	0	0	0	0
McCain	1	0	0	0	0	0	1	0	0	0	0	0	0	0	0	1	1	0	0	0	0	0	1	0	0	1
McCain	0	0	0	0	0	0	0	0	0	0	0	0	0	0	0	1	1	0	0	0	0	0	0	0	0	0
McCain	1	0	0	0	1	0	0	0	1	0	1	0	1	0	1	0	1	1	1	0	0	0	0	0	0	1
McCain	1	0	1	0	0	0	1	1	1	0	0	0	0	0	1	1	1	1	0	0	0	0	1	0	1	1
McCain	1	1	1	1	1	0	1	1	1	0	1	0	1	0	1	0	1	1	1	0	0	1	0	1	1	1
McCain	1	0	0	0	0	0	1	0	1	1	1	1	1	1	1	0	1	1	0	0	0	1	1	0	1	1
McCain	1	0	0	0	1	0	1	1	0	0	0	0	0	0	1	0	1	1	1	0	0	0	0	0	0	1
McCain	1	0	1	0	1	0	0	1	1	0	0	0	0	0	1	0	1	0	0	0	0	0	1	0	0	1
McCain	1	0	1	0	1	0	0	1	1	0	1	0	1	0	1	0	1	1	1	0	0	0	1	0	0	1
McCain	1	0	1	0	1	0	0	1	1	0	0	0	0	0	1	1	1	1	1	0	0	0	1	0	0	1
McCain	1	0	1	0	1	0	0	1	1	0	0	0	0	0	1	1	1	1	1	0	0	0	1	0	1	1
McCain	1	1	0	1	0	0	1	0	1	1	1	0	1	0	1	0	1	1	1	0	0	1	0	0	1	1
McCain	1	0	0	1	1	0	0	0	0	0	0	0	0	0	0	1	1	0	1	0	0	1	1	0	0	1
McCain	2	0	0	0	1	0	0	1	1	1	0	0	1	0	1	1	1	0	0	0	0	0	1	1	1	1
McCain	1	1	0	0	0	0	0	0	0	0	0	0	0	0	0	0	1	1	0	0	0	1	0	0	0	0
McCain	2	0	0	0	0	0	1	1	1	0	0	1	0	1	1	0	1	1	0	0	0	1	1	1	1	1
McCain	0	0	0	0	0	0	1	0	0	0	0	0	0	0	0	0	0	0	1	0	0	0	0	0	0	0
McCain	1	1	0	0	0	0	1	0	1	1	1	0	1	0	1	1	1	1	0	0	0	0	1	0	1	1
McCain	1	0	1	0	1	0	0	1	1	0	0	0	0	0	1	1	1	1	1	0	0	1	1	0	0	1
McCain	1	0	0	1	0	0	0	1	1	0	1	1	0	1	1	0	1	1	0	0	0	0	1	0	1	1
McCain	1	0	1	0	1	0	1	0	1	1	1	0	1	0	1	0	1	1	1	0	0	1	1	0	0	1
McCain	0	0	0	1	0	0	0	1	1	0	0	1	0	1	1	0	1	1	0	0	0	1	0	0	0	1
McCain	0	0	0	0	1	0	0	0	0	0	0	0	0	0	0	0	0	0	1	0	0	0	0	0	0	0
McCain	1	0	1	0	1	0	0	0	1	0	0	0	0	0	1	1	1	1	1	0	0	1	0	0	0	0
McCain	1	1	0	0	1	0	0	1	0	0	0	0	0	0	1	0	1	0	1	0	0	0	1	0	1	1
McCain	1	0	0	1	0	0	0	0	0	0	0	0	0	0	0	0	0	0	0	0	0	0	0	0	0	0
McCain	0	1	0	0	0	0	1	0	0	0	0	0	0	0	0	0	1	0	0	0	0	0	0	0	0	0
McCain	0	0	0	0	1	0	1	0	0	0	0	0	0	0	0	0	0	0	0	0	0	0	0	0	0	0
McCain	0	1	0	0	1	0	0	1	1	0	1	0	1	0	1	0	1	1	1	0	0	0	1	1	1	1
McCain	0	0	0	0	1	0	0	0	0	0	0	0	0	0	0	0	0	0	1	0	0	0	0	0	0	0
McCain	0	0	1	0	1	0	1	1	1	0	1	0	1	0	1	0	1	1	0	0	0	1	1	1	1	1
McCain	0	0	0	1	0	0	1	1	0	0	0	0	0	0	1	0	1	0	0	0	0	0	1	0	1	1
McCain	1	0	0	0	0	0	0	1	0	0	0	0	0	0	1	1	1	1	0	0	0	0	1	0	0	1
McCain	1	0	1	0	0	0	0	0	1	0	0	0	0	0	1	1	1	1	0	0	0	0	0	0	1	1
McCain	1	1	1	1	0	0	0	0	1	0	0	0	0	0	1	0	1	1	0	0	0	1	0	0	0	0
McCain	0	0	1	0	0	0	0	1	1	0	0	0	0	0	1	0	1	1	0	0	0	1	0	0	1	1
McCain	0	0	0	0	1	0	0	0	0	0	0	0	0	0	0	1	1	0	1	0	0	1	1	0	0	0
McCain	0	0	0	0	1	0	0	0	0	0	0	0	0	0	0	0	0	0	1	0	0	0	0	0	0	0
McCain	0	0	1	0	0	0	0	1	1	0	0	0	0	0	1	0	1	0	0	0	0	0	1	0	0	1
McCain	1	1	0	1	0	0	1	1	0	0	0	0	0	0	1	0	1	0	0	0	0	0	1	0	1	1
McCain	1	0	0	1	0	0	0	1	0	0	0	0	0	0	1	0	1	0	0	0	0	0	1	1	0	1
McCain	0	0	1	0	1	0	0	1	1	0	0	0	0	0	1	0	1	0	1	0	0	0	0	0	0	1
McCain	0	0	0	0	0	0	0	0	0	0	0	0	0	0	0	1	1	0	0	0	0	0	1	0	0	0
McCain	0	0	1	0	0	0	0	1	1	1	0	0	0	1	1	0	1	0	0	0	0	1	0	0	1	1
McCain	0	0	0	0	1	0	1	1	0	0	0	0	0	0	1	0	1	0	1	0	0	0	1	1	1	1
McCain	2	0	1	1	1	0	0	0	1	0	1	0	1	0	1	1	1	0	1	0	0	1	1	1	1	1
McCain	2	0	1	0	1	0	0	0	1	0	0	0	0	0	1	0	1	0	1	0	0	0	0	0	0	0
McCain	2	0	0	0	0	0	1	0	1	0	0	1	0	1	1	1	1	0	0	0	0	1	1	1	0	1
McCain	0	0	1	0	1	0	0	0	1	0	0	0	0	0	1	0	1	0	1	0	0	0	0	0	0	0
McCain	0	0	1	0	0	0	0	0	1	0	0	0	0	0	1	1	1	0	1	0	0	0	0	0	0	0
McCain	1	1	0	0	0	0	0	0	0	0	0	0	0	0	0	0	1	1	1	0	0	1	1	0	1	1
McCain	1	0	1	1	0	0	0	0	1	0	0	0	0	0	1	1	1	0	0	0	0	0	0	0	0	0
McCain	1	0	0	0	1	0	0	0	0	0	0	0	0	0	0	0	1	0	1	0	0	0	0	0	0	0
McCain	1	0	1	0	0	0	0	0	1	0	0	0	0	0	1	0	1	0	0	0	0	0	0	0	0	0
McCain	1	0	1	1	1	0	0	0	1	0	0	0	0	0	1	0	1	0	0	0	0	0	0	0	0	0
McCain	1	0	1	0	0	0	0	1	1	0	0	0	0	0	1	1	1	0	0	0	0	0	1	0	1	1
McCain	1	0	0	0	0	0	0	0	0	0	0	0	0	0	0	0	1	0	0	0	0	0	1	0	0	1
McCain	1	1	0	0	0	0	1	1	0	0	0	0	0	0	1	0	1	0	1	0	0	0	1	0	0	1
McCain	1	0	0	0	1	0	0	0	0	0	0	0	0	0	0	0	1	0	1	0	0	0	0	0	0	0
McCain	1	1	0	0	1	0	0	1	0	0	0	0	0	0	1	0	1	1	1	0	0	1	1	0	1	1
McCain	1	0	0	0	1	0	1	0	0	0	0	0	0	0	0	0	0	0	1	0	0	1	0	0	0	0
McCain	1	1	0	0	0	0	0	0	0	0	0	0	0	0	0	1	1	1	0	0	0	1	1	1	1	1
McCain	1	0	0	0	1	0	0	1	0	0	0	0	0	0	1	0	1	0	0	0	0	0	0	0	0	1
McCain	1	0	0	0	0	0	0	0	1	0	0	1	0	1	1	1	1	0	0	0	0	0	1	0	0	1
McCain	1	0	0	0	1	0	0	1	1	0	0	1	0	1	1	0	1	1	0	0	0	1	1	0	1	1
McCain	0	0	0	0	0	0	0	0	0	0	0	0	0	0	0	1	1	0	0	0	0	0	0	0	0	0
McCain	1	0	0	0	0	0	0	1	1	0	0	1	0	1	1	0	1	0	0	0	0	0	0	0	0	1
McCain	1	0	0	0	1	0	0	0	1	0	1	0	0	0	1	0	1	0	0	0	0	0	0	0	0	0
McCain	1	0	0	0	1	0	0	1	0	0	0	0	0	0	1	1	1	0	0	0	0	0	1	0	0	0
McCain	1	0	1	0	0	0	0	1	1	0	0	0	0	0	1	1	1	1	0	0	0	1	0	0	0	0
McCain	1	1	1	0	0	0	0	0	1	0	0	0	0	0	1	0	1	1	0	0	0	0	1	0	0	1
McCain	1	0	0	0	0	0	0	1	0	0	0	0	0	0	1	0	1	0	0	0	0	0	0	0	0	1
McCain	1	0	0	0	0	0	1	0	0	0	0	0	0	0	0	0	0	0	0	0	0	0	0	0	0	0
McCain	0	0	0	0	0	0	0	0	0	0	0	0	0	0	0	1	1	0	0	0	0	0	0	0	0	0
McCain	1	0	0	0	0	0	1	0	1	0	0	1	0	1	1	0	1	0	0	0	0	0	1	1	1	1
McCain	1	0	0	0	0	0	1	0	1	0	1	0	1	0	1	0	1	0	1	0	0	1	0	1	1	1
McCain	0	0	0	0	0	0	1	0	0	0	0	0	0	0	0	0	0	0	1	0	0	0	0	0	0	0
McCain	2	0	0	0	0	0	0	1	1	1	0	0	1	0	1	0	1	0	0	0	0	0	1	1	1	1
McCain	2	0	1	0	1	0	0	1	1	0	0	0	0	0	1	0	1	1	1	0	0	1	1	0	0	1
McCain	2	0	0	0	0	0	1	1	0	0	0	0	0	0	1	1	1	0	0	0	0	0	0	1	0	1
McCain	0	0	0	0	1	0	1	0	1	1	1	0	1	0	1	0	1	0	0	0	0	0	0	0	0	1
McCaskill	1	0	0	0	1	0	1	0	1	1	1	0	1	0	1	1	1	1	0	0	0	0	0	1	0	1
McCaskill	1	0	0	0	1	0	0	0	0	0	0	0	0	0	0	0	1	1	1	0	0	0	0	0	0	0
McCaskill	1	0	1	0	1	0	0	1	1	0	1	0	0	0	1	0	1	1	0	0	0	0	0	0	0	1
McCaskill	1	0	0	0	0	0	1	0	0	0	0	0	0	0	0	0	1	0	0	0	0	0	1	0	1	1
McCaskill	0	0	1	0	1	0	0	1	1	1	0	0	1	0	1	1	1	1	1	0	0	0	1	0	1	1
McCaskill	1	0	0	0	1	0	0	0	1	1	0	0	0	1	1	0	1	0	1	0	0	0	0	1	0	1
McCaskill	1	0	1	0	1	0	0	0	1	0	0	0	0	0	1	0	1	1	0	0	0	1	0	0	0	0
McCaskill	1	0	0	0	0	0	0	0	1	0	1	0	0	0	1	0	1	1	0	0	0	1	0	0	1	0
McCaskill	1	0	1	0	1	0	1	1	1	1	0	0	1	1	1	0	1	1	0	0	0	0	0	0	1	1
McCaskill	1	0	0	0	0	0	0	0	0	0	0	0	0	0	0	0	1	1	0	0	0	0	0	0	0	0
McCaskill	0	0	0	0	0	0	0	0	0	0	0	0	0	0	0	0	0	0	1	0	0	0	0	0	0	0
McCaskill	1	0	0	0	1	0	0	0	0	0	0	0	0	0	0	0	1	0	1	0	0	0	1	0	1	1
McCaskill	1	0	1	0	0	0	1	1	1	1	0	0	1	0	1	1	1	1	0	0	0	0	0	0	1	1
McCaskill	2	0	0	0	1	0	0	1	1	0	1	0	1	0	1	1	1	1	0	0	0	1	1	1	0	1
McCaskill	1	0	0	0	0	0	0	0	1	1	0	0	0	1	1	1	1	1	0	0	0	0	0	0	0	1
McCaskill	2	0	0	0	0	0	1	0	1	1	1	0	1	0	1	0	1	0	0	0	0	0	0	1	1	1
McCaskill	2	0	0	0	0	0	1	0	1	1	1	0	1	0	1	0	1	0	0	0	0	0	0	1	1	1
McCaskill	0	0	0	0	0	0	1	0	0	0	0	0	0	0	0	0	0	0	1	0	0	0	0	0	0	0
McCaskill	2	0	1	0	1	0	0	1	1	1	0	0	1	1	1	1	1	1	1	0	0	1	1	0	1	1
McCaskill	2	0	0	0	0	0	0	1	1	0	1	0	1	0	1	0	1	1	0	0	0	1	0	0	1	1
McCaskill	2	0	0	0	0	0	0	0	0	0	0	0	0	0	0	0	1	0	0	0	0	0	1	0	1	1
McCaskill	2	0	0	0	0	0	1	0	0	0	0	0	0	0	0	0	1	1	1	0	0	1	0	0	0	0
McCaskill	1	0	0	0	1	0	0	1	0	0	0	0	0	0	1	0	1	1	1	0	0	1	0	0	0	0
McCaskill	1	1	0	0	0	0	0	1	1	0	1	0	1	0	1	0	1	1	0	0	0	1	1	0	1	1
McCaskill	2	0	0	0	1	0	1	1	0	0	0	0	0	0	1	1	1	1	0	0	0	1	1	0	1	1
McCaskill	2	1	0	0	0	0	1	1	1	1	0	0	1	1	1	1	1	1	1	0	0	1	0	1	1	1
McCaskill	0	0	0	0	0	0	1	0	0	0	0	0	0	0	0	0	0	0	1	0	0	0	0	0	0	0
McCaskill	2	1	1	0	1	0	0	1	1	1	1	0	1	1	1	1	1	1	1	0	0	1	1	0	1	1
McCaskill	0	1	0	0	0	0	0	0	0	0	0	0	0	0	0	0	1	1	0	0	0	0	1	0	0	1
McCaskill	1	1	0	0	1	0	1	1	0	0	0	0	0	0	1	1	1	1	1	0	0	1	1	0	1	1
McCaskill	1	0	0	0	0	0	0	0	0	0	0	0	0	0	0	0	1	1	0	0	0	1	0	0	0	0
McCaskill	1	0	0	0	0	0	0	1	1	0	1	0	1	0	1	0	1	0	0	0	0	0	1	1	1	1
McCaskill	2	0	0	0	0	0	0	0	0	0	0	0	0	0	0	1	1	0	0	0	0	0	0	0	0	0
McCaskill	1	0	1	0	1	0	0	0	1	0	0	0	0	0	1	1	1	0	1	0	0	0	0	0	1	1
McCaskill	0	0	0	0	1	0	0	0	0	0	0	0	0	0	0	1	1	0	1	0	0	0	0	0	0	0
McCaskill	2	1	1	0	1	0	0	1	1	0	0	0	0	0	1	1	1	1	1	0	0	1	1	0	1	1
McCaskill	2	0	0	0	1	0	1	0	0	0	0	0	0	0	0	1	1	0	0	0	0	0	1	0	1	1
McCaskill	0	0	0	0	1	0	1	1	0	0	0	0	0	0	1	0	1	1	1	0	0	0	0	0	0	0
McCaskill	0	0	1	0	1	0	0	1	1	0	0	1	0	1	1	0	1	1	1	0	0	1	0	0	0	1
McCaskill	1	0	0	0	1	0	0	0	0	0	0	0	0	0	0	0	1	0	0	0	0	1	0	0	0	1
McCaskill	2	1	0	0	0	0	1	0	0	0	0	0	0	0	0	1	1	1	0	0	0	0	0	0	1	0
McCaskill	2	0	1	0	1	0	1	0	1	0	1	0	0	0	1	1	1	1	1	0	0	1	0	1	0	1
McCaskill	2	0	1	0	0	0	1	1	1	0	0	0	0	0	1	0	1	1	0	0	0	1	0	0	0	1
McCaskill	2	0	0	0	0	0	1	0	1	0	0	1	0	1	1	0	1	0	0	0	0	1	0	0	1	1
McCaskill	1	0	1	0	1	0	1	1	1	1	0	0	0	1	1	1	1	1	1	0	0	1	1	1	0	1
McCaskill	0	0	0	0	0	0	1	1	0	0	0	0	0	0	1	0	1	0	0	0	0	0	0	0	1	1
McCaskill	1	0	1	0	1	0	1	0	1	0	0	1	1	0	1	1	1	1	0	0	0	1	1	0	1	1
McCaskill	2	0	1	0	0	0	0	1	1	0	0	0	0	0	1	0	1	1	0	0	0	1	0	0	0	0
McCaskill	2	0	1	0	0	0	1	0	1	0	0	0	0	0	1	0	1	1	0	0	0	0	1	0	0	1
McCaskill	2	0	0	0	1	0	0	0	0	0	0	0	0	0	0	0	0	0	0	0	0	1	0	0	0	0
McCaskill	2	0	0	0	0	0	1	0	0	0	0	0	0	0	0	0	1	1	0	0	0	1	0	0	0	0
McCaskill	1	1	0	0	1	0	1	0	1	0	0	1	1	0	1	1	1	1	1	0	0	0	1	0	1	1
McCaskill	1	1	0	0	1	0	0	1	1	1	1	0	1	0	1	1	1	1	1	0	0	1	1	1	1	1
McCaskill	0	1	0	0	1	0	0	1	0	0	0	0	0	0	1	1	1	1	1	0	0	1	1	0	0	1
McCaskill	0	1	0	0	1	0	0	0	0	0	0	0	0	0	0	0	1	1	1	0	0	0	0	0	0	0
McCaskill	0	0	0	0	0	0	0	1	0	0	0	0	0	0	1	0	1	1	1	0	0	1	0	0	0	0
McCaskill	0	0	0	0	0	0	1	0	0	0	0	0	0	0	0	0	0	0	0	0	0	0	0	0	0	0
McCaskill	2	0	1	0	1	0	0	1	1	1	1	0	1	0	1	1	1	0	1	0	0	0	1	1	1	1
McCaskill	2	0	0	0	0	0	1	1	1	0	1	0	1	0	1	0	1	1	0	0	0	0	0	0	0	1
McCaskill	2	0	0	0	1	0	0	0	0	0	0	0	0	0	0	0	1	0	1	0	0	0	0	0	0	0
McCaskill	1	0	0	0	1	0	0	1	1	1	0	0	1	0	1	0	1	0	1	0	0	0	0	0	0	1
McCaskill	2	1	0	0	1	0	0	1	0	0	0	0	0	0	1	0	1	1	1	0	0	0	1	0	1	1
McCaskill	2	1	0	0	1	0	0	1	1	0	1	0	1	0	1	0	1	1	1	0	0	1	1	0	1	1
McCaskill	2	0	0	0	0	0	1	1	0	0	0	0	0	0	1	1	1	1	0	0	0	1	1	0	0	0
McCaskill	2	0	0	0	1	0	0	0	1	1	0	0	1	0	1	0	1	0	1	0	0	0	0	1	0	1
McCaskill	2	0	0	0	1	0	0	1	1	1	0	0	1	0	1	0	1	0	1	0	0	0	0	0	1	1
McCaskill	3	1	0	0	0	0	1	1	1	0	1	0	1	0	1	0	1	1	0	0	0	0	1	0	1	1
McCaskill	3	1	1	0	0	0	1	1	1	1	1	0	1	0	1	1	1	1	1	0	0	1	1	1	1	1
McCaskill	3	0	0	0	0	0	1	0	0	0	0	0	0	0	0	0	0	0	0	0	0	0	0	0	0	0
McCaskill	0	0	0	0	0	0	1	0	0	0	0	0	0	0	0	0	0	0	0	0	0	0	0	0	0	0
McCaskill	2	0	1	0	1	0	0	1	1	0	1	0	1	0	1	1	1	0	1	0	0	1	1	1	1	1
McCaskill	2	0	1	0	1	0	0	0	1	0	0	0	0	0	1	0	1	0	1	0	0	0	0	0	1	0
McCaskill	2	0	1	0	1	0	0	1	1	0	1	0	1	0	1	1	1	0	1	0	0	0	1	0	1	1
McCaskill	0	0	1	0	0	0	0	1	1	0	0	0	0	0	1	0	1	1	0	0	0	1	0	0	1	1
McCaskill	0	0	1	1	0	0	0	1	1	0	0	0	0	0	1	0	1	0	0	0	0	0	0	1	1	1
McCaskill	0	0	0	0	0	0	1	0	0	0	0	0	0	0	0	0	0	0	0	0	0	0	0	0	0	0
McCaskill	1	0	1	1	1	0	0	0	1	0	1	0	1	0	1	1	1	1	1	0	0	0	1	0	1	1
McCaskill	2	0	1	0	1	0	0	0	1	0	1	0	1	0	1	1	1	1	1	0	0	1	1	0	0	1
McCaskill	2	0	0	0	0	0	1	0	0	0	0	0	0	0	0	0	1	1	0	0	0	0	0	0	0	0
McCaskill	2	0	1	0	1	0	0	1	1	0	0	0	0	0	1	0	1	1	1	0	0	0	1	0	1	1
McCaskill	2	0	0	0	0	0	1	0	0	0	0	0	0	0	0	1	1	1	0	0	0	1	0	1	0	0
McCaskill	0	1	0	0	1	0	0	0	1	0	0	1	0	1	1	0	1	1	1	0	0	0	0	1	0	1
McCaskill	2	0	0	0	0	0	1	0	0	0	0	0	0	0	0	1	1	1	0	0	0	1	0	1	0	0
McCaskill	1	0	0	0	1	0	0	0	1	1	0	0	1	0	1	1	1	0	1	0	0	1	0	0	0	1
McCaskill	2	0	1	0	1	0	0	1	1	1	0	0	1	1	1	0	1	1	0	0	0	1	0	1	0	1
McCaskill	2	0	0	0	1	0	0	1	1	1	1	0	1	1	1	1	1	1	1	0	0	1	1	0	1	1
McCaskill	0	0	0	0	1	0	1	0	0	0	0	0	0	0	0	0	0	0	1	0	0	0	0	0	0	0
McCaskill	2	0	0	0	1	0	0	1	1	1	0	0	1	1	1	0	1	1	1	0	0	0	0	1	0	1
McCaskill	2	1	1	0	1	0	1	0	1	0	1	0	1	0	1	0	1	1	1	0	0	0	0	0	0	1
McCaskill	2	0	1	0	1	0	0	0	1	1	0	0	1	0	1	0	1	0	0	0	0	0	1	0	1	1
McCaskill	2	0	0	0	0	0	0	1	1	1	0	0	0	1	1	0	1	1	0	0	0	0	0	0	1	1
McCaskill	2	1	1	0	1	0	0	1	1	0	1	0	1	0	1	1	1	1	1	0	0	1	1	1	1	1
McCaskill	2	0	0	0	1	0	0	0	1	0	1	0	0	0	1	0	1	1	0	0	0	0	0	0	0	0
McCaskill	2	0	0	0	0	0	0	0	1	1	0	0	0	1	1	0	1	0	0	0	0	0	0	0	0	1
McCaskill	2	0	0	0	0	0	1	1	0	0	0	0	0	0	1	0	1	1	0	0	0	1	1	0	0	1
McCaskill	2	0	0	0	0	0	1	1	1	1	0	0	0	1	1	0	1	0	0	0	0	0	0	0	0	1
McCaskill	2	1	0	0	1	0	0	1	1	1	1	0	1	1	1	1	1	1	1	0	0	1	1	0	1	1
McCaskill	0	0	1	0	0	0	1	0	1	0	0	0	0	0	1	0	1	1	1	0	0	1	1	0	1	1
McCaskill	0	0	1	0	1	0	1	0	1	1	0	0	1	0	1	1	1	1	0	0	0	1	1	1	0	1
McCaskill	2	0	0	0	1	0	0	1	1	1	0	0	1	0	1	0	1	0	1	0	0	0	1	1	1	1
McCaskill	2	0	1	0	1	0	0	1	1	0	1	0	1	0	1	0	1	1	0	0	0	0	0	0	1	1
McCaskill	2	0	0	0	0	0	0	0	0	0	0	0	0	0	0	0	1	0	0	0	0	0	1	0	0	0
McCaskill	2	0	1	0	1	0	0	1	1	0	1	0	1	0	1	1	1	1	1	0	0	1	1	1	0	1
McCaskill	2	0	0	0	0	0	0	1	1	1	0	0	1	0	1	1	1	1	0	0	0	0	0	1	0	1
McCaskill	2	0	1	0	1	0	0	1	1	0	1	0	1	0	1	1	1	1	1	0	0	1	1	0	0	1
McCaskill	2	0	1	0	1	0	0	1	1	0	1	0	1	0	1	0	1	1	1	0	0	0	1	0	0	1
McCaskill	0	0	0	0	0	0	1	0	0	0	0	0	0	0	0	0	0	0	1	0	0	0	0	0	0	0
McCaskill	1	0	1	0	1	0	1	1	1	1	1	0	1	1	1	1	1	1	1	0	0	1	1	0	0	1
McCaskill	0	1	0	0	0	0	0	0	0	0	0	0	0	0	0	0	1	1	1	0	0	1	1	0	0	1
McCaskill	0	0	0	0	0	0	0	0	0	0	0	0	0	0	0	0	1	1	0	0	0	0	0	0	0	0
McCaskill	1	0	1	0	1	0	1	0	1	0	1	1	1	1	1	1	1	1	1	0	0	1	1	1	1	1
McCaskill	0	0	0	0	0	0	0	1	1	1	0	0	1	0	1	1	1	0	0	0	0	1	0	0	1	1
McCaskill	1	0	0	0	0	0	0	1	1	0	1	0	1	0	1	1	1	1	1	0	0	1	1	0	0	1
McCaskill	0	0	0	0	1	0	0	0	0	0	0	0	0	0	0	0	1	1	1	0	0	0	0	0	0	0
McCaskill	1	0	1	0	0	0	1	1	1	0	0	0	0	0	1	0	1	1	0	0	0	0	1	0	0	1
McCaskill	2	0	0	0	1	0	0	0	1	0	1	0	1	0	1	0	1	1	1	0	0	0	0	0	0	1
McCaskill	1	1	1	0	0	0	1	1	1	0	1	0	1	0	1	0	1	1	1	0	0	1	1	1	0	1
McCaskill	0	0	1	0	0	0	1	1	1	0	1	0	1	0	1	1	1	0	0	0	0	1	1	1	1	1
McCaskill	0	0	0	0	1	0	0	1	1	0	1	0	1	0	1	0	1	0	1	0	0	0	0	0	0	1
McCaskill	0	0	0	0	1	0	0	0	0	0	0	0	0	0	0	0	0	0	1	0	0	0	0	0	0	0
McCaskill	0	0	0	1	1	0	0	1	1	0	1	1	1	1	1	1	1	1	1	0	0	0	1	1	1	1
McCaskill	0	0	0	0	1	0	0	0	0	0	0	0	0	0	0	0	0	0	1	0	0	0	0	0	0	0
McCaskill	1	0	0	0	0	0	0	0	1	0	1	0	1	0	1	0	1	0	0	0	0	0	0	0	0	1
McCaskill	1	0	1	1	1	0	0	1	1	0	0	0	0	0	1	0	1	1	1	0	0	1	0	1	0	1
McCaskill	1	0	0	1	1	0	0	0	1	0	1	0	0	0	1	0	1	1	1	0	0	0	0	1	1	1
McCaskill	2	0	1	0	1	0	0	0	1	0	1	0	1	0	1	1	1	0	0	0	0	1	1	1	1	1
McCaskill	2	0	0	0	0	0	0	0	1	0	1	0	1	0	1	1	1	1	0	0	0	1	1	1	1	1
McCaskill	2	0	0	0	0	0	0	0	0	0	0	0	0	0	0	0	0	0	0	0	0	0	0	0	0	0
McCaskill	0	0	0	0	1	0	0	0	0	0	0	0	0	0	0	0	0	0	1	0	0	0	0	0	0	0
McCaskill	1	1	0	1	0	0	0	0	0	0	0	0	0	0	0	0	1	1	0	0	0	1	0	0	0	0
McCaskill	2	0	1	0	1	0	0	1	1	1	0	0	1	0	1	1	1	1	1	0	0	0	0	0	1	1
McCaskill	0	0	0	0	1	0	0	1	0	0	0	0	0	0	1	0	1	0	0	0	0	0	1	0	1	1
McCaskill	2	0	0	0	1	0	0	1	0	0	0	0	0	0	1	0	1	1	0	0	0	0	1	0	0	1
McCaskill	2	0	0	0	0	0	1	1	1	1	1	0	1	1	1	1	1	1	1	0	0	1	1	0	1	1
McCaskill	0	1	0	1	0	0	0	1	0	0	0	0	0	0	1	0	1	0	0	0	0	0	1	0	1	1
McCaskill	2	0	0	0	1	0	0	1	0	0	0	0	0	0	1	1	1	1	1	0	0	1	1	0	1	1
McCaskill	2	1	0	0	1	0	0	1	1	0	1	0	1	0	1	0	1	1	1	0	0	1	1	0	0	1
McCaskill	2	0	0	0	0	0	0	1	0	0	0	0	0	0	1	0	1	1	1	0	0	0	0	0	0	0
McCaskill	2	0	0	0	1	0	1	1	1	0	1	0	1	0	1	1	1	1	1	0	0	1	0	1	0	1
McCaskill	2	1	0	0	1	0	0	0	1	0	1	0	1	0	1	0	1	1	1	0	0	0	0	0	1	1
McCaskill	2	0	0	0	1	0	0	0	0	0	0	0	0	0	0	0	1	1	0	0	0	0	0	0	0	0
McCaskill	0	0	1	0	1	0	1	0	1	0	1	0	1	0	1	1	1	1	0	0	0	0	0	0	0	1
McCaskill	0	0	0	0	1	0	0	1	1	1	0	0	0	1	1	0	1	1	0	0	0	0	1	1	0	1
McCaskill	0	0	1	1	0	0	0	1	1	1	0	0	0	1	1	1	1	1	0	0	0	0	1	0	1	1
McCaskill	0	0	0	0	0	0	1	1	0	0	0	0	0	0	1	1	1	1	0	0	0	1	1	0	0	1
McCaskill	2	0	0	0	1	0	0	1	1	0	1	0	1	0	1	0	1	1	1	0	0	1	0	1	1	1
McCaskill	0	0	0	0	1	0	0	0	0	0	0	0	0	0	0	0	1	1	0	0	0	0	0	0	1	0
McCaskill	2	0	0	0	0	0	0	1	0	0	0	0	0	0	1	0	1	1	0	0	0	1	0	0	0	0
McCaskill	0	0	0	0	1	0	0	0	0	0	0	0	0	0	0	0	0	0	0	0	0	0	0	0	0	0
McCaskill	2	0	1	0	1	0	0	1	1	1	1	0	1	1	1	1	1	1	1	0	0	0	1	0	1	1
McCaskill	2	0	0	0	0	0	1	0	1	0	0	1	0	1	1	1	1	1	0	0	0	0	0	0	0	0
McCaskill	0	0	0	0	0	0	1	0	0	0	0	0	0	0	0	0	0	0	0	0	0	0	0	0	0	0
McCaskill	2	0	1	0	1	0	0	1	1	1	1	0	1	0	1	1	1	1	1	0	0	1	1	1	1	1
McCaskill	2	0	0	0	0	0	0	1	0	0	0	0	0	0	1	0	1	0	0	0	0	0	0	0	0	0
McCaskill	2	0	1	0	0	0	1	0	1	0	0	0	0	0	1	0	1	1	0	0	0	0	1	0	0	1
McCaskill	2	1	0	0	0	0	0	1	0	0	0	0	0	0	1	1	1	1	0	0	0	1	1	0	1	1
McCaskill	2	0	1	0	1	0	0	1	1	0	1	0	1	0	1	0	1	1	0	0	0	0	0	0	1	1
McCaskill	0	1	0	0	1	0	0	1	1	0	1	0	1	0	1	1	1	1	1	0	0	1	1	0	0	1
McCaskill	1	0	0	0	1	0	0	1	1	1	0	0	1	1	1	0	1	0	1	0	0	0	0	1	1	1
McCaskill	1	0	0	0	0	0	1	1	0	0	0	0	0	0	1	1	1	1	1	0	0	1	0	0	1	1
McCaskill	0	0	0	0	0	0	1	0	0	0	0	0	0	0	0	1	1	0	0	0	0	0	0	0	0	0
McCaskill	2	0	0	0	1	0	0	0	1	1	0	0	1	0	1	1	1	0	1	0	0	0	0	0	0	1
McCaskill	1	0	1	0	1	0	0	1	1	0	0	0	0	0	1	1	1	1	1	0	0	1	1	0	0	0
McCaskill	2	0	0	0	1	0	0	0	1	0	1	0	1	0	1	1	1	1	1	0	0	0	0	0	1	1
McCaskill	2	0	1	0	1	0	0	1	1	0	1	0	1	0	1	1	1	1	0	0	0	1	1	0	1	1
McCaskill	2	0	0	1	0	0	0	1	0	0	0	0	0	0	1	0	1	0	0	0	0	0	1	0	1	1
McCaskill	2	0	0	0	0	0	0	0	0	0	0	0	0	0	0	1	1	1	0	0	0	1	0	0	0	0
McCaskill	2	0	0	0	0	0	0	1	1	0	1	0	1	0	1	0	1	0	0	0	0	0	1	0	0	1
McCaskill	2	0	0	0	0	0	1	0	0	0	0	0	0	0	0	1	1	1	0	0	0	0	0	0	0	0
McCaskill	0	0	0	0	0	0	1	0	0	0	0	0	0	0	0	0	0	0	0	0	0	0	0	0	0	0
McCaskill	0	0	0	0	0	0	1	0	0	0	0	0	0	0	0	0	0	0	0	0	0	0	0	0	0	0
McCaskill	0	0	0	0	1	0	0	0	1	1	0	0	1	0	1	0	1	0	1	0	0	0	0	0	0	1
McCaskill	2	0	1	0	1	0	0	1	1	1	1	0	1	0	1	1	1	1	1	0	0	1	1	1	1	1
McCaskill	1	0	1	0	0	0	1	1	1	0	1	0	0	0	1	1	1	1	0	0	0	1	1	1	0	1
McCaskill	2	0	0	0	1	0	0	0	0	0	0	0	0	0	0	0	0	0	1	0	0	0	0	0	0	0
McCaskill	0	0	0	0	1	0	0	0	0	0	0	0	0	0	0	1	1	0	1	0	0	0	0	0	0	0
McCaskill	2	0	1	0	1	0	0	1	1	1	0	0	1	1	1	1	1	1	1	0	0	1	1	1	1	1
McCaskill	0	0	0	0	1	0	0	0	0	0	0	0	0	0	0	0	0	0	1	0	0	0	0	0	0	0
McCaskill	0	0	0	0	1	0	0	1	1	0	1	0	1	0	1	0	1	0	0	0	0	0	1	0	1	1
McCaskill	0	0	0	0	0	0	0	0	1	0	1	0	1	0	1	1	1	0	0	0	0	0	1	0	1	1
McCaskill	0	0	0	0	1	0	0	0	0	0	0	0	0	0	0	0	0	0	1	0	0	1	0	0	0	0
McCaskill	0	0	0	0	1	0	0	0	0	0	0	0	0	0	0	0	0	0	1	0	0	0	0	0	0	0
McCaskill	0	0	0	0	0	0	1	0	1	0	1	0	0	0	1	0	1	1	0	0	0	1	0	0	0	0
McCaskill	2	0	0	0	0	0	1	1	1	1	0	0	0	1	1	0	1	1	1	0	0	1	1	0	1	1
McCaskill	2	0	0	0	1	0	0	0	1	1	1	0	1	0	1	1	1	0	1	0	0	1	0	1	1	1
McCaskill	2	0	0	0	0	0	0	0	1	1	0	0	1	0	1	1	1	0	0	0	0	0	0	1	1	1
McCaskill	2	1	0	0	0	0	0	1	1	1	0	0	1	0	1	0	1	1	0	0	0	1	0	0	1	1
McCaskill	2	1	1	0	1	0	1	1	1	0	0	0	0	0	1	1	1	1	1	0	0	1	1	1	1	1
McCaskill	2	0	1	0	1	0	0	1	1	0	0	0	0	0	1	1	1	1	1	0	0	1	1	0	0	1
McCaskill	2	1	0	0	1	1	1	1	0	0	0	0	0	0	1	0	1	1	0	0	0	1	1	1	1	1
McCaskill	2	1	0	0	0	0	1	0	1	0	1	0	1	0	1	0	1	1	0	0	0	1	0	0	0	1
McCaskill	2	1	0	1	1	0	0	1	1	1	1	0	1	0	1	1	1	1	1	0	0	1	1	1	1	1
McCaskill	2	1	0	0	0	0	1	0	0	0	0	0	0	0	0	1	1	1	0	0	0	0	1	0	1	1
McCaskill	3	0	1	1	0	0	0	0	1	0	0	1	1	0	1	1	1	0	0	0	0	0	1	1	1	1
McCaskill	2	1	0	0	1	0	0	0	1	0	0	1	1	0	1	0	1	0	1	0	0	0	1	1	1	1
McCaskill	3	1	0	1	1	1	0	0	1	0	0	1	1	0	1	0	1	1	1	0	0	1	1	1	1	1
McCaskill	1	0	0	0	0	0	1	0	1	1	0	0	1	0	1	0	1	0	0	0	0	0	0	0	0	1
McCaskill	1	0	0	0	0	0	1	0	1	1	0	0	1	0	1	0	1	0	0	0	0	0	0	0	0	1
McCaskill	2	1	1	0	1	0	0	1	1	0	0	0	0	0	1	0	1	1	0	0	0	1	1	1	1	1
McCaskill	2	1	0	0	0	0	0	1	0	0	0	0	0	0	1	1	1	1	0	0	0	1	1	1	0	1
McCaskill	2	0	0	0	0	0	0	1	0	0	0	0	0	0	1	0	1	1	0	0	0	0	0	1	1	1
McCaskill	2	1	0	0	0	0	1	1	0	0	0	0	0	0	1	1	1	1	0	0	0	1	1	0	1	1
McCaskill	2	1	0	0	1	0	0	0	0	0	0	0	0	0	0	0	1	1	1	0	0	0	1	0	1	1
McCaskill	2	1	1	0	0	0	1	1	1	0	0	1	0	1	1	1	1	1	0	0	0	1	1	1	1	1
McCaskill	2	1	0	0	0	1	0	1	0	0	0	0	0	0	1	0	1	0	0	0	0	0	1	0	1	1
McCaskill	2	0	0	1	0	0	0	1	1	1	0	0	0	1	1	1	1	0	0	0	0	0	1	1	1	1
McCaskill	2	1	0	0	1	0	0	1	1	1	1	0	1	1	1	0	1	0	1	0	0	0	1	1	1	1
McCaskill	2	0	0	0	0	0	0	1	1	1	1	0	1	1	1	1	1	1	0	0	0	1	1	0	1	1
McCaskill	2	0	0	1	1	0	0	1	0	0	0	0	0	0	1	1	1	0	1	0	0	0	0	0	0	1
McCaskill	2	0	1	0	1	0	1	1	1	0	0	0	0	0	1	1	1	1	1	0	0	0	0	0	1	0
McCaskill	2	0	0	0	1	0	0	0	1	0	1	0	1	0	1	0	1	0	1	0	0	0	0	0	0	1
McCaskill	2	0	0	0	1	0	0	0	1	0	1	0	1	0	1	0	1	0	1	0	0	0	0	0	0	1
McCaskill	2	0	1	0	1	0	0	1	1	0	0	0	0	0	1	0	1	1	0	0	0	1	1	0	1	1
McCaskill	2	0	0	0	1	0	0	1	0	0	0	0	0	0	1	0	1	0	1	0	0	0	1	0	1	1
McCaskill	2	0	0	0	1	0	1	0	1	1	0	0	1	0	1	0	1	0	1	0	0	1	0	0	0	1
McCaskill	2	0	0	0	0	0	0	1	1	0	1	0	0	0	1	0	1	1	1	0	0	1	1	1	1	1
McCaskill	2	0	1	0	1	0	1	1	1	0	1	1	1	1	1	0	1	1	1	0	0	1	1	1	0	1
McCaskill	2	0	0	0	1	0	0	1	0	0	0	0	0	0	1	0	1	1	0	0	0	0	1	0	0	0
McCaskill	3	0	1	0	1	1	1	1	1	0	1	0	1	0	1	0	1	1	1	0	0	1	1	1	1	1
McCaskill	3	0	0	1	1	0	1	1	1	1	1	0	1	0	1	0	1	1	1	0	0	1	0	0	1	1
McCaskill	2	0	0	0	0	0	0	1	1	1	0	0	1	0	1	0	1	1	0	0	0	1	0	0	0	1
McCaskill	2	0	1	0	0	0	0	1	1	1	0	0	1	0	1	0	1	1	0	0	0	1	1	1	0	1
McCaskill	3	0	1	0	1	1	0	1	1	0	0	1	0	1	1	1	1	1	0	0	0	1	1	0	1	1
McCaskill	3	0	0	0	0	0	1	1	0	0	0	0	0	0	1	0	1	1	0	0	0	0	0	0	1	1
McCaskill	2	0	1	0	0	0	0	0	1	0	1	0	1	0	1	0	1	1	0	0	0	1	1	0	1	1
McCaskill	2	1	0	0	0	0	1	1	0	0	0	0	0	0	1	1	1	0	0	0	0	1	1	0	1	1
McCaskill	1	0	0	0	1	0	1	1	1	1	0	0	1	0	1	0	1	0	1	0	0	0	0	0	0	1
McCaskill	2	0	0	0	1	0	0	1	0	0	0	0	0	0	1	0	1	0	1	0	0	0	0	0	0	1
McCaskill	2	0	0	0	1	0	0	0	1	0	1	0	1	0	1	1	1	0	1	0	0	0	1	0	0	1
McCaskill	2	0	0	0	0	0	0	1	1	0	1	0	1	0	1	1	1	0	0	0	0	0	1	0	0	1
McCaskill	2	0	0	0	0	0	0	1	1	0	1	0	1	0	1	0	1	1	0	0	0	0	0	0	0	1
McCaskill	2	1	0	0	0	0	0	1	1	0	1	0	1	0	1	0	1	1	0	0	0	1	1	0	0	1
McCaskill	2	0	1	0	0	0	0	0	1	0	0	0	0	0	1	0	1	1	0	0	0	0	0	0	0	0
McCaskill	3	0	1	0	0	1	0	1	1	0	1	0	1	0	1	0	1	1	0	0	0	1	1	1	0	1
McCaskill	2	0	1	0	0	0	1	1	1	0	0	0	0	0	1	0	1	1	0	0	0	1	1	0	0	1
McCaskill	2	1	0	0	0	0	1	1	1	0	1	0	1	0	1	0	1	1	1	0	0	1	0	0	1	1
McCaskill	2	0	1	0	0	0	1	1	1	0	0	0	0	0	1	1	1	1	0	0	0	1	0	0	1	1
McCaskill	2	0	0	0	1	0	1	1	0	0	0	0	0	0	1	1	1	0	1	0	0	1	0	0	0	1
McCaskill	2	0	0	0	0	0	1	1	0	0	0	0	0	0	1	1	1	0	0	0	0	1	0	0	0	1
McCaskill	2	0	0	0	1	0	0	1	1	1	1	0	1	0	1	1	1	1	1	0	0	1	1	1	0	1
McCaskill	2	0	0	0	1	0	0	1	1	1	1	0	1	0	1	1	1	1	1	0	0	0	0	0	1	1
McCaskill	2	0	0	0	0	0	0	1	1	0	0	1	0	1	1	1	1	1	0	0	0	1	1	1	0	1
McCaskill	2	0	1	0	0	0	1	1	1	0	0	1	0	1	1	0	1	1	1	0	0	1	1	1	1	1
McCaskill	2	0	0	0	1	0	0	1	1	1	0	0	1	0	1	1	1	0	1	0	0	0	1	0	1	1
McCaskill	2	0	0	0	1	0	0	1	0	0	0	0	0	0	1	0	1	0	1	0	0	0	1	0	1	1
McCaskill	1	1	0	0	0	0	0	1	0	0	0	0	0	0	1	0	1	1	0	0	0	1	0	0	0	1
McCaskill	1	0	0	0	0	0	0	1	1	1	0	0	0	1	1	0	1	1	0	0	0	1	0	1	0	1
McCaskill	1	0	0	0	1	0	0	1	0	0	0	0	0	0	1	1	1	1	0	0	0	0	1	0	0	1
McCaskill	1	1	0	0	0	0	0	0	1	0	1	0	1	0	1	1	1	1	1	0	0	1	1	1	1	1
McCaskill	1	1	1	0	1	0	0	1	1	0	1	0	1	0	1	1	1	1	0	0	0	1	1	0	0	1
McCaskill	1	0	0	0	1	0	0	0	0	0	0	0	0	0	0	0	1	1	0	0	0	0	0	0	1	0
McCaskill	1	0	0	0	1	0	1	1	0	0	0	0	0	0	1	0	1	1	0	0	0	0	0	0	0	1
McCaskill	1	1	0	0	1	0	0	1	0	0	0	0	0	0	1	0	1	1	1	0	0	1	0	0	0	1
McCaskill	1	0	0	0	0	0	0	0	0	0	0	0	0	0	0	0	1	1	0	0	0	1	0	0	0	0
McCaskill	1	0	0	0	1	0	0	1	1	1	0	0	1	0	1	1	1	1	0	0	0	0	0	0	0	1
McCaskill	1	0	0	0	0	0	1	0	0	0	0	0	0	0	0	0	1	1	0	0	0	0	1	0	0	1
McCaskill	1	0	0	0	0	0	1	0	1	1	1	0	1	0	1	0	1	0	0	0	0	0	1	0	0	1
McCaskill	1	0	1	0	0	0	1	1	1	1	1	0	1	1	1	1	1	1	0	0	0	1	0	1	0	1
McCaskill	2	0	1	0	1	0	0	1	1	1	0	0	1	0	1	1	1	1	0	0	0	0	1	0	1	1
McCaskill	2	0	0	0	1	0	0	1	1	1	0	0	0	1	1	0	1	1	0	0	0	1	1	0	0	1
McCaskill	2	0	0	0	1	0	0	0	1	1	0	0	0	1	1	0	1	0	0	0	0	0	1	0	0	1
McCaskill	2	0	0	0	1	0	0	0	1	1	0	0	0	1	1	1	1	0	0	0	0	0	1	0	0	1
McCaskill	2	0	0	0	0	0	0	1	1	1	0	0	0	1	1	1	1	1	0	0	0	1	0	1	1	1
McCaskill	2	1	0	0	0	0	0	0	1	1	0	0	0	1	1	0	1	0	0	0	0	0	1	1	1	1
McCaskill	2	0	0	0	1	0	1	1	1	0	1	0	1	0	1	0	1	1	0	0	0	1	0	0	0	1
Pryor	0	0	0	0	1	0	1	0	1	0	1	0	1	0	1	0	1	0	0	0	0	0	0	0	0	1
Pryor	1	0	0	0	1	0	0	0	1	1	0	0	1	0	1	1	1	1	1	0	0	1	1	1	0	1
Pryor	0	0	0	0	1	0	0	0	0	0	0	0	0	0	0	0	1	1	1	0	0	0	0	0	0	0
Pryor	0	0	1	0	0	0	0	0	1	0	0	0	0	0	1	0	1	1	0	0	0	0	0	0	0	0
Pryor	0	0	0	0	0	0	0	0	1	0	1	0	1	0	1	0	1	1	0	0	0	1	0	0	0	1
Pryor	0	0	1	0	1	0	1	0	1	0	0	0	0	0	1	1	1	1	1	0	0	0	1	0	1	1
Pryor	0	0	1	1	0	0	0	0	1	0	0	0	0	0	1	0	1	1	0	0	0	1	0	0	0	0
Pryor	0	0	0	0	1	0	0	0	0	0	0	0	0	0	0	1	1	0	1	0	0	0	0	0	0	0
Pryor	0	0	0	0	1	0	0	0	1	0	1	0	1	0	1	0	1	0	1	0	0	0	0	0	0	1
Pryor	1	0	0	0	1	0	0	1	0	0	0	0	0	0	1	1	1	1	0	0	0	0	0	0	0	0
Pryor	0	0	0	0	1	0	0	0	1	1	0	1	1	1	1	1	1	0	1	0	0	0	1	0	0	1
Pryor	1	0	1	1	0	0	0	1	1	0	1	1	1	1	1	1	1	0	1	0	0	0	0	0	0	1
Pryor	0	0	0	0	1	0	0	1	1	0	1	0	0	0	1	1	1	1	1	0	0	1	1	1	0	1
Pryor	0	1	0	1	0	0	0	0	0	0	0	0	0	0	0	0	1	1	0	0	0	0	1	0	0	1
Pryor	0	1	0	0	1	0	0	0	1	0	1	0	1	0	1	1	1	1	1	0	0	1	1	0	0	1
Pryor	0	1	0	1	0	0	0	0	0	0	0	0	0	0	0	0	1	1	0	0	0	0	1	0	0	0
Pryor	0	0	0	0	0	0	1	0	0	0	0	0	0	0	0	0	0	0	0	0	0	0	0	0	0	0
Pryor	0	0	0	0	0	0	1	0	0	0	0	0	0	0	0	0	0	0	0	0	0	0	0	0	0	0
Pryor	0	0	0	0	0	0	1	0	0	0	0	0	0	0	0	0	0	0	1	0	0	0	0	0	0	0
Pryor	0	0	0	0	1	0	0	0	0	0	0	0	0	0	0	0	0	0	1	0	0	0	0	0	0	0
Pryor	0	0	0	0	0	0	1	0	0	0	0	0	0	0	0	0	0	0	0	0	0	0	0	0	0	0
Pryor	1	1	0	0	1	0	1	1	1	1	1	0	1	1	1	0	1	1	1	0	0	1	1	0	1	1
Pryor	0	0	1	0	0	0	1	1	1	0	0	0	0	0	1	1	1	1	0	0	0	1	1	0	1	1
Pryor	1	1	0	0	1	0	0	1	1	1	0	0	1	0	1	1	1	1	1	0	0	0	1	0	0	1
Pryor	0	0	0	1	0	0	0	1	0	0	0	0	0	0	1	0	1	0	0	0	0	0	0	0	1	1
Pryor	0	0	1	0	0	0	0	0	1	0	0	0	0	0	1	0	1	1	1	0	0	0	0	0	0	0
Pryor	0	0	0	0	0	0	1	0	0	0	0	0	0	0	0	1	1	0	0	0	0	0	0	0	0	0
Pryor	0	0	0	0	0	0	1	0	0	0	0	0	0	0	0	0	0	0	1	0	0	0	0	0	0	0
Pryor	0	1	0	0	0	0	0	0	1	0	1	0	0	0	1	0	1	1	0	0	0	0	0	1	1	1
Pryor	0	0	0	1	1	0	0	1	1	0	1	0	1	0	1	0	1	0	1	0	0	0	0	1	1	1
Pryor	0	0	1	1	1	0	0	1	1	0	0	0	0	0	1	0	1	1	1	0	0	0	0	0	1	1
Pryor	0	0	0	0	1	0	0	0	0	0	0	0	0	0	0	1	1	0	1	0	0	0	1	0	0	0
Pryor	1	0	0	1	1	0	0	1	0	0	0	0	0	0	1	1	1	0	1	0	0	0	1	0	0	1
Pryor	0	0	0	0	0	0	1	0	0	0	0	0	0	0	0	0	0	0	0	0	0	0	0	0	0	0
Pryor	1	0	0	1	0	0	0	0	1	0	0	1	0	1	1	1	1	0	0	0	0	0	0	0	1	1
Pryor	1	0	1	1	0	0	0	0	1	0	0	0	0	0	1	0	1	1	0	0	0	0	1	0	1	1
Pryor	1	0	0	0	0	0	1	0	1	0	1	0	1	0	1	0	1	0	0	0	0	0	1	1	1	1
Pryor	0	0	0	0	0	0	1	0	0	0	0	0	0	0	0	0	0	0	0	0	0	0	0	0	0	0
Pryor	1	0	0	0	1	0	1	1	1	1	0	0	0	1	1	0	1	1	1	0	0	1	0	0	0	1
Pryor	1	0	0	0	1	0	0	0	1	1	1	0	1	0	1	0	1	1	1	0	0	0	0	1	0	1
Pryor	1	0	1	0	1	0	1	1	1	1	1	0	1	0	1	1	1	0	0	0	0	1	1	1	1	1
Pryor	0	0	1	0	0	0	0	1	1	1	0	0	1	0	1	0	1	1	1	0	0	1	1	0	0	1
Pryor	0	0	0	0	0	0	1	0	0	0	0	0	0	0	0	0	1	1	1	0	0	0	0	0	0	0
Pryor	0	0	0	0	0	0	0	0	0	0	0	0	0	0	0	1	1	0	0	0	0	0	0	0	0	0
Pryor	1	1	0	0	1	0	0	0	1	1	1	0	1	0	1	1	1	1	1	0	0	1	1	1	0	1
Pryor	0	0	0	0	1	0	0	0	0	0	0	0	0	0	0	0	0	0	1	0	0	0	0	0	0	0
Pryor	1	1	0	0	1	0	1	1	1	1	1	0	1	0	1	1	1	1	1	0	0	1	1	1	0	1
Pryor	0	0	0	0	0	0	1	0	0	0	0	0	0	0	0	0	0	0	1	0	0	0	0	0	0	0
Pryor	0	0	1	0	1	0	0	1	1	0	0	0	0	0	1	0	1	1	1	0	0	0	0	0	0	1
Pryor	0	1	1	0	0	0	0	1	1	0	0	0	0	0	1	0	1	1	0	0	0	0	0	0	0	1
Pryor	0	1	1	0	0	0	0	1	1	0	0	0	0	0	1	1	1	0	0	0	0	0	0	0	1	1
Pryor	0	0	1	0	0	0	1	0	1	0	0	0	0	0	1	0	1	1	0	0	0	0	1	0	0	0
Pryor	0	0	0	1	1	0	0	1	1	0	1	0	1	0	1	0	1	1	0	0	0	0	1	0	1	1
Pryor	0	0	0	0	0	0	1	0	0	0	0	0	0	0	0	0	0	0	0	0	0	0	0	0	0	0
Pryor	1	0	1	0	1	0	0	0	1	1	1	0	1	1	1	0	1	1	1	0	0	1	0	0	0	1
Pryor	1	0	0	0	1	0	1	0	1	1	0	0	1	1	1	0	1	1	1	0	0	1	1	0	0	1
Pryor	0	0	0	1	0	0	0	1	0	0	0	0	0	0	1	0	1	1	0	0	0	0	1	1	0	1
Pryor	0	0	0	0	0	0	1	0	0	0	0	0	0	0	0	0	0	0	0	0	0	0	0	0	0	0
Pryor	0	1	1	0	1	0	1	1	1	1	0	0	1	1	1	1	1	1	1	0	0	1	1	0	0	1
Pryor	0	1	0	0	0	0	0	1	0	0	0	0	0	0	1	0	1	1	0	0	0	0	0	0	0	0
Pryor	0	0	1	0	0	0	0	1	1	0	0	0	0	0	1	1	1	0	0	0	0	0	1	0	0	1
Pryor	0	1	1	1	1	0	1	1	1	0	0	0	0	0	1	1	1	1	0	0	0	1	1	0	1	1
Pryor	0	0	0	0	1	0	0	1	0	0	0	0	0	0	1	1	1	0	1	0	0	1	1	1	1	1
Pryor	0	0	1	0	1	0	0	1	1	0	0	0	0	0	1	1	1	1	0	0	0	0	0	0	0	0
Pryor	0	0	1	0	0	0	0	1	1	0	0	0	0	0	1	0	1	0	0	0	0	0	0	0	1	1
Pryor	0	1	0	0	1	0	1	0	0	0	0	0	0	0	0	0	1	1	0	0	0	0	1	0	0	1
Pryor	0	0	1	0	1	0	0	1	1	0	0	0	0	0	1	1	1	1	0	0	0	0	0	0	0	1
Pryor	0	0	0	0	1	0	0	1	0	0	0	0	0	0	1	1	1	1	0	0	0	0	1	0	0	1
Pryor	0	0	1	0	1	0	0	0	1	0	0	0	0	0	1	1	1	0	0	0	0	1	1	1	0	0
Pryor	0	1	1	0	0	0	1	1	1	0	0	0	0	0	1	0	1	1	1	0	0	0	0	1	0	1
Pryor	0	0	1	0	1	0	0	1	1	0	0	0	0	0	1	0	1	0	1	0	0	0	1	0	1	1
Pryor	0	0	0	0	1	0	0	0	0	0	0	0	0	0	0	0	0	0	1	0	0	0	0	0	0	0
Pryor	0	0	1	0	1	0	0	1	1	0	0	0	0	0	1	0	1	0	1	0	0	0	1	0	0	1
Pryor	0	0	1	1	0	0	0	0	1	0	0	0	0	0	1	0	1	1	0	0	0	0	1	0	0	1
Pryor	0	0	0	1	0	0	0	1	0	0	0	0	0	0	1	0	1	0	0	0	0	0	1	0	1	1
Pryor	0	0	0	1	0	0	0	1	1	0	1	0	1	0	1	1	1	1	0	0	0	0	1	0	0	1
Pryor	1	0	0	0	1	0	0	1	0	0	0	0	0	0	1	1	1	1	0	0	0	0	1	0	1	1
Pryor	1	0	1	1	0	0	0	1	1	0	0	0	0	0	1	0	1	1	0	0	0	0	0	0	1	1
Pryor	0	0	0	0	0	0	1	0	0	0	0	0	0	0	0	0	0	0	0	0	0	0	0	0	0	0
Pryor	1	1	1	0	1	0	0	0	1	0	0	0	0	0	1	1	1	1	1	0	0	0	1	0	0	1
Pryor	1	0	0	0	0	0	1	0	0	0	0	0	0	0	0	0	1	1	0	0	0	1	0	0	0	0
Pryor	1	0	1	0	1	0	1	0	1	0	1	0	1	0	1	1	1	0	0	0	0	0	1	0	0	1
Pryor	0	0	0	1	1	0	0	1	0	0	0	0	0	0	1	0	1	1	1	0	0	0	1	0	1	1
Pryor	0	0	0	1	1	0	0	1	1	1	0	0	0	1	1	0	1	1	1	0	0	0	0	0	1	1
Pryor	1	0	0	0	1	0	0	1	0	0	0	0	0	0	1	0	1	0	1	0	0	0	1	0	0	1
Pryor	1	0	0	0	0	0	0	0	1	1	0	0	1	0	1	0	1	1	1	0	0	1	0	0	0	0
Pryor	1	0	1	0	1	0	0	1	1	1	0	0	1	0	1	0	1	1	0	0	0	1	1	0	1	1
Pryor	0	0	0	0	0	0	0	1	0	0	0	0	0	0	1	0	1	1	0	0	0	0	0	0	0	0
Pryor	0	0	0	0	1	0	0	0	0	0	0	0	0	0	0	1	1	0	0	0	0	1	0	0	0	0
Pryor	0	0	0	0	0	0	0	1	0	0	0	0	0	0	1	0	1	0	0	0	0	0	1	0	1	1
Pryor	0	0	1	0	0	0	0	1	1	0	1	0	1	0	1	1	1	1	1	0	0	0	1	1	1	1
Pryor	0	1	1	1	0	0	0	1	1	1	0	0	0	1	1	1	1	1	0	0	0	0	0	1	1	1
Pryor	1	1	0	0	1	0	0	0	1	0	1	0	1	0	1	0	1	0	0	0	0	0	0	0	1	1
Pryor	1	0	0	0	1	0	1	1	1	1	1	0	1	0	1	1	1	1	1	0	0	1	1	1	1	1
Pryor	0	0	0	0	1	0	0	0	0	0	0	0	0	0	0	1	1	0	1	0	0	0	0	0	0	0
Pryor	0	0	1	0	1	0	1	1	1	0	0	0	0	0	1	0	1	1	1	0	0	1	1	0	0	1
Pryor	0	0	1	0	1	0	0	1	1	0	0	1	1	0	1	0	1	1	1	0	0	1	0	0	1	1
Pryor	0	0	0	0	0	0	1	0	1	1	0	0	0	1	1	0	1	1	0	0	0	0	0	1	0	1
Pryor	0	0	1	0	1	0	0	1	1	0	0	1	1	0	1	1	1	1	0	0	0	1	1	0	1	1
Pryor	1	0	0	0	1	0	0	0	1	0	1	1	0	1	1	0	1	1	0	0	0	0	0	1	0	1
Pryor	1	1	0	0	1	0	0	0	0	0	0	0	0	0	0	0	1	0	0	0	0	0	0	0	0	1
Pryor	1	0	0	0	0	0	0	0	1	0	0	1	0	1	1	1	1	1	1	0	0	0	0	1	0	1
Pryor	1	0	0	0	1	0	0	0	0	0	0	0	0	0	0	1	1	0	1	0	0	0	0	0	0	0
Pryor	1	0	1	0	1	0	1	0	1	0	1	1	1	1	1	1	1	1	0	0	0	1	0	0	0	1
Pryor	1	0	0	0	1	0	0	1	1	1	0	0	1	0	1	1	1	1	0	0	0	1	1	0	1	1
Pryor	1	0	0	0	1	0	1	1	1	0	1	1	1	1	1	1	1	0	1	0	0	0	1	1	1	1
Pryor	1	0	1	0	1	0	0	0	1	1	0	1	1	1	1	1	1	1	0	0	0	1	1	1	1	1
Pryor	1	0	0	0	0	0	1	1	1	1	0	1	1	1	1	0	1	1	1	0	0	0	1	0	0	1
Pryor	0	0	0	0	1	0	0	0	1	1	0	0	1	0	1	0	1	0	0	0	0	1	1	0	1	1
Pryor	0	0	0	0	1	0	0	0	0	0	0	0	0	0	0	0	0	0	1	0	0	0	0	0	0	0
Pryor	0	0	1	0	0	0	0	0	1	0	0	0	0	0	1	1	1	0	0	0	0	1	1	0	1	1
Pryor	0	0	0	0	0	0	0	1	0	0	0	0	0	0	1	1	1	1	0	0	0	1	1	0	0	1
Pryor	1	0	0	0	1	0	0	0	1	1	1	0	1	0	1	1	1	0	1	0	0	1	1	0	1	1
Pryor	1	0	0	1	1	0	0	1	1	0	1	0	1	0	1	1	1	1	1	0	0	0	1	1	1	1
Pryor	0	0	0	0	1	0	1	0	1	0	1	0	1	0	1	1	1	1	1	0	0	0	0	0	0	1
Pryor	1	0	0	0	1	0	1	1	1	1	1	0	1	0	1	0	1	1	1	0	0	0	1	1	1	1
Pryor	1	1	0	0	0	0	1	1	1	0	1	0	1	0	1	1	1	1	0	0	0	0	1	1	1	1
