speaker	stance	indefArt	defArt	questionmark	comma	exclamationmark	period	ipron	ppron	firstPPron	secondPPron	thirdPPron	singPPron	plurPPron	pronoun	conj	function_word	prep	nonflu	filler	swear	tentat	differ	discrep	certain	auxverb
Coburn	2	1	0	0	3	0	2	0	2	1	1	0	2	0	2	0	9	3	1	0	0	0	1	0	0	4
Coburn	0	0	0	0	0	0	0	0	0	0	0	0	0	0	0	0	0	0	1	0	0	0	0	0	0	0
Coburn	1	0	2	0	0	0	0	0	4	2	0	0	1	1	4	0	7	3	0	0	0	1	0	1	0	1
Coburn	1	0	1	0	0	0	0	0	1	0	0	0	0	0	1	1	2	0	0	0	0	0	0	0	0	0
Coburn	1	0	1	0	0	0	1	0	1	0	0	0	0	0	1	0	3	2	0	0	0	1	0	0	0	0
Coburn	1	1	1	0	2	0	0	1	5	3	1	0	3	1	6	2	16	2	2	0	0	0	2	2	2	8
Coburn	1	0	1	0	0	0	2	1	2	1	0	0	0	1	3	2	12	4	0	0	0	0	3	2	2	5
Coburn	0	1	0	0	2	0	1	1	2	1	1	0	2	0	3	0	7	1	1	0	0	1	1	0	0	5
Coburn	0	0	1	1	1	0	0	3	5	0	4	0	1	0	8	1	17	3	0	0	0	0	3	0	1	8
Coburn	2	0	0	1	1	0	0	1	2	0	0	2	0	2	3	0	8	1	0	0	0	2	3	1	3	4
Coburn	0	0	0	0	0	0	1	0	0	0	0	0	0	0	0	0	0	0	0	0	0	0	0	0	0	0
Coburn	0	0	1	1	4	0	0	1	3	1	1	0	1	1	4	1	13	5	2	0	0	4	4	0	0	5
Coburn	2	0	0	0	0	0	0	1	1	0	1	0	1	0	2	1	5	0	0	0	0	1	1	1	1	3
Coburn	2	0	0	0	0	0	0	1	1	0	1	0	1	0	2	0	3	0	0	0	0	0	1	0	0	3
Coburn	2	0	0	0	0	0	0	0	0	0	0	0	0	0	0	1	2	1	0	0	0	1	1	0	0	0
Coburn	1	0	0	1	0	0	0	0	0	0	0	0	0	0	0	1	2	1	1	0	0	1	1	0	0	0
Coburn	0	0	0	0	0	0	2	0	1	0	1	0	1	0	1	0	1	0	0	0	0	0	0	0	1	1
Coburn	1	0	1	0	3	0	0	0	2	0	1	0	1	0	2	0	4	2	1	0	0	0	0	0	0	1
Coburn	0	0	0	0	2	0	1	0	0	0	0	0	0	0	0	0	0	0	0	0	0	0	0	0	0	0
Coburn	0	1	0	0	0	0	1	0	0	0	0	0	0	0	0	0	3	1	0	0	0	0	0	0	0	1
Coburn	0	0	1	0	1	0	0	0	2	1	0	0	0	1	2	1	7	3	0	0	0	0	0	0	0	1
Coburn	0	0	0	0	0	0	1	2	0	0	0	0	0	0	2	2	9	3	0	0	0	0	1	0	1	2
Coburn	0	1	0	0	2	0	0	1	1	1	0	0	0	1	2	1	8	2	0	0	0	0	0	0	0	4
Coburn	0	1	0	0	0	0	0	0	0	0	0	0	0	0	0	0	2	1	0	0	0	0	0	0	0	0
Coburn	0	1	0	0	0	0	1	0	0	0	0	0	0	0	0	1	3	1	0	0	0	1	0	0	0	0
Coburn	0	1	1	1	1	0	0	1	2	0	1	0	1	0	3	1	11	4	3	0	0	2	3	0	0	3
Coburn	0	0	0	0	0	0	1	0	0	0	0	0	0	0	0	0	0	0	0	0	0	0	0	0	0	0
Coburn	0	1	0	1	0	0	0	3	0	0	0	0	0	0	3	0	7	1	0	0	0	1	2	0	0	3
Coburn	0	0	0	1	0	0	1	1	0	0	0	0	0	0	1	1	5	1	0	0	0	1	1	0	2	3
Coburn	1	0	0	1	0	0	0	1	3	1	2	0	1	1	4	0	7	1	0	0	0	0	1	1	0	4
Coburn	1	0	0	0	1	0	1	0	1	0	1	0	1	0	1	1	3	0	0	0	0	1	1	2	0	2
Coburn	0	0	0	0	0	0	1	0	0	0	0	0	0	0	0	0	0	0	1	0	0	0	0	0	0	0
Coburn	0	0	0	0	0	0	1	0	0	0	0	0	0	0	0	0	0	0	0	0	0	0	0	0	0	0
Coburn	0	1	0	1	1	0	0	0	1	0	1	0	1	0	1	1	7	0	1	0	0	0	1	2	0	3
Coburn	0	0	1	1	0	0	0	0	1	0	0	0	0	0	1	0	3	1	0	0	0	0	0	0	0	1
Coburn	0	0	2	0	1	0	1	0	2	0	0	0	0	0	2	0	3	1	1	0	0	0	0	0	0	0
Coburn	1	1	0	0	4	0	1	0	5	2	3	0	4	0	5	2	12	4	2	0	0	1	0	0	0	4
Coburn	0	0	2	1	2	0	0	0	3	0	1	0	1	0	3	0	11	5	0	0	0	0	1	1	1	4
Coburn	0	0	0	1	3	0	0	3	1	0	1	0	1	0	4	0	7	1	3	0	0	0	0	1	0	5
Coburn	0	0	0	0	0	0	1	0	0	0	0	0	0	0	0	0	0	0	0	0	0	0	0	0	0	0
Coburn	0	1	0	0	3	0	1	0	3	3	0	0	1	2	3	0	5	1	1	0	0	1	0	0	0	2
Coburn	0	0	1	1	0	0	0	2	1	0	0	0	0	0	3	0	7	2	0	0	0	1	1	0	2	4
Coburn	0	0	0	0	0	0	1	0	0	0	0	0	0	0	0	0	0	0	0	0	0	0	0	0	1	0
Coburn	2	0	0	0	6	0	0	4	3	3	0	0	2	1	7	0	17	1	6	0	0	1	0	4	0	14
Coburn	2	0	0	0	1	0	1	0	1	0	1	0	1	0	1	2	6	0	2	0	0	1	5	1	1	4
Coburn	0	1	1	1	0	0	0	0	2	0	1	0	1	0	2	0	6	1	0	0	0	0	1	0	0	3
Coburn	2	0	0	0	1	0	2	2	1	1	0	0	1	0	3	0	5	0	1	0	0	0	0	0	2	5
Coburn	1	1	1	0	1	0	1	1	5	3	1	0	2	2	6	0	10	1	3	0	0	1	0	0	1	6
Coburn	1	0	1	0	0	0	2	1	4	0	3	0	2	0	5	1	8	1	1	0	0	2	0	0	0	3
Coburn	0	0	0	0	0	0	1	0	0	0	0	0	0	0	0	0	0	0	1	0	0	0	0	0	0	0
Coburn	1	0	0	0	0	0	1	1	2	0	2	0	1	0	3	0	7	2	0	0	0	1	0	1	1	4
Coburn	0	0	0	1	0	0	0	2	1	0	1	0	1	0	3	0	6	1	0	0	0	0	0	0	0	3
Coburn	0	0	2	1	1	0	0	4	4	1	1	0	1	1	8	0	11	1	1	0	0	0	1	2	1	8
Coburn	2	0	1	0	0	0	1	0	2	1	0	0	1	0	2	1	5	0	1	0	0	0	1	1	1	3
Coburn	2	0	0	0	0	0	2	0	2	2	0	0	1	1	2	0	9	1	0	0	0	0	2	2	2	7
Coburn	0	0	1	1	3	0	0	1	3	0	1	1	1	1	4	1	11	3	3	0	0	1	1	1	1	6
Coburn	0	0	0	1	0	0	0	1	1	0	0	1	0	1	2	0	3	1	0	0	0	1	0	0	1	2
Coburn	0	0	1	1	0	0	1	1	3	1	1	0	1	1	4	0	10	1	0	0	0	0	0	1	2	7
Coburn	0	0	2	1	0	0	0	1	3	0	1	0	1	0	4	0	8	2	0	0	0	0	1	0	1	3
Coburn	0	0	0	0	0	0	1	0	0	0	0	0	0	0	0	0	0	0	0	0	0	0	0	0	0	0
Coburn	1	0	1	0	0	0	0	2	2	0	1	0	1	0	4	0	9	1	0	0	0	1	2	1	2	6
Coburn	1	0	0	0	0	0	0	0	0	0	0	0	0	0	0	0	0	0	0	0	0	0	0	1	0	0
Coburn	1	0	0	1	0	0	0	0	0	0	0	0	0	0	0	1	2	1	0	0	0	0	0	0	0	0
Coburn	2	1	0	0	1	0	0	1	2	1	1	0	2	0	3	0	8	1	0	0	0	0	1	1	0	6
Coburn	2	0	2	0	0	0	0	0	2	0	0	0	0	0	2	0	6	3	2	0	0	1	1	0	2	1
Coburn	0	0	1	0	0	0	1	1	2	1	0	0	0	1	3	1	8	3	1	0	0	1	1	0	0	3
Coburn	2	2	0	0	2	0	0	0	2	0	2	0	2	0	2	2	9	2	1	0	0	0	2	1	2	3
Coburn	2	0	0	0	1	0	0	2	0	0	0	0	0	0	2	0	4	1	0	0	0	0	0	1	0	3
Coburn	2	1	1	1	1	0	0	1	1	0	0	0	0	0	2	2	10	4	0	0	0	2	0	1	2	2
Coburn	0	0	1	1	1	0	0	1	2	0	1	0	1	0	3	0	7	3	1	0	0	1	1	0	0	2
Coburn	0	0	0	1	2	0	0	1	3	2	1	0	2	1	4	0	6	0	2	0	0	0	1	0	0	5
Coburn	1	0	1	0	1	0	1	0	5	4	0	0	2	2	5	0	5	0	2	0	0	1	0	0	0	2
Coburn	0	0	2	1	0	0	0	0	3	0	1	0	1	0	3	0	10	5	0	0	0	0	1	0	0	3
Coburn	0	0	0	0	0	0	1	0	0	0	0	0	0	0	0	0	0	0	0	0	0	0	0	0	1	0
Coburn	1	0	0	0	0	0	1	1	0	0	0	0	0	0	1	0	2	0	0	0	0	0	0	0	1	2
Coburn	0	0	0	1	1	0	0	1	2	0	2	0	2	0	3	0	5	1	1	0	0	0	0	0	0	4
Coburn	1	1	0	0	3	0	2	0	7	5	2	0	3	2	7	2	14	2	3	0	0	0	1	1	0	4
Coburn	0	0	0	0	1	0	0	0	0	0	0	0	0	0	0	0	0	0	0	0	0	0	0	0	0	0
Coburn	0	0	1	0	1	0	0	2	1	0	0	0	0	0	3	1	6	0	0	0	0	0	1	0	1	4
Coburn	1	0	1	0	0	0	1	1	2	1	0	0	0	1	3	0	5	2	0	0	0	0	0	0	1	1
Coburn	1	1	2	0	1	0	0	1	4	1	1	0	1	1	5	1	12	2	0	0	0	1	3	0	1	6
Coburn	2	0	2	0	4	0	0	3	3	1	0	0	1	0	6	4	19	1	1	0	0	0	6	2	5	10
Coburn	2	0	3	0	6	0	1	1	5	0	2	0	2	0	6	3	17	4	0	0	0	1	2	1	3	7
Coburn	0	0	1	0	3	0	0	2	2	0	1	0	0	0	4	1	8	2	0	0	0	1	2	0	1	2
Coburn	2	1	0	0	2	0	0	1	0	0	0	0	0	0	1	0	5	1	0	0	0	0	3	0	1	2
Coburn	0	0	0	0	2	0	0	2	0	0	0	0	0	0	2	0	5	1	1	0	0	0	0	1	1	3
Coburn	1	0	0	1	1	0	0	2	3	3	0	0	0	3	5	3	12	4	0	0	0	3	0	0	0	4
Coburn	0	0	0	1	2	0	0	1	4	3	1	0	0	3	5	0	8	2	3	0	0	0	0	1	0	4
Coburn	0	0	0	0	0	0	1	0	0	0	0	0	0	0	0	0	0	0	0	0	0	0	0	0	0	0
Coburn	1	1	0	0	3	0	0	2	1	1	0	0	0	1	3	1	11	2	2	0	0	1	0	1	2	5
Coburn	1	0	0	0	3	0	0	3	2	2	0	0	0	2	5	0	12	2	3	0	0	2	0	2	2	10
Coburn	1	0	0	0	0	0	0	0	1	1	0	0	0	1	1	0	2	0	0	0	0	0	0	1	1	2
Coburn	2	0	2	1	1	0	0	3	4	0	2	0	2	0	7	2	18	4	0	0	0	1	2	2	0	8
Coburn	2	0	1	0	0	0	1	1	1	0	0	0	0	0	2	0	6	1	0	0	0	0	1	0	2	2
Coburn	2	0	1	0	0	0	2	5	3	1	0	1	0	2	8	1	18	4	0	0	0	0	3	0	3	10
Coburn	2	0	0	0	0	0	0	0	2	1	0	1	0	2	2	0	4	1	0	0	0	0	0	0	1	2
Coburn	2	0	2	0	1	0	4	4	6	1	0	3	0	4	10	2	25	6	0	0	0	1	2	0	2	13
Coburn	2	0	1	0	1	0	1	1	4	0	1	3	0	3	5	3	13	1	0	0	0	0	3	1	2	5
Coburn	0	0	0	1	0	0	0	0	0	0	0	0	0	0	0	0	0	0	0	0	0	0	0	0	1	0
Coburn	2	0	0	0	0	0	1	2	1	0	0	1	0	1	3	1	7	1	0	0	0	0	2	0	1	2
Coburn	2	0	0	0	1	0	1	0	0	0	0	0	0	0	0	0	0	0	1	0	0	0	1	0	0	0
Coburn	2	1	1	0	0	0	1	3	3	0	0	2	0	2	6	6	21	4	1	0	0	1	0	0	1	8
Coburn	2	0	2	0	1	0	1	2	3	0	0	1	0	1	5	1	13	2	1	0	0	0	3	0	3	8
Coburn	2	0	1	0	1	0	0	2	2	0	0	1	0	1	4	2	12	5	0	0	0	1	1	0	0	3
Coburn	2	2	0	1	0	0	1	3	2	1	1	0	1	1	5	1	13	1	0	0	0	0	1	0	3	8
Coburn	3	2	4	0	5	0	0	1	5	1	0	0	0	1	6	1	23	4	2	0	0	3	3	1	7	9
Coburn	3	0	0	0	2	0	0	1	2	1	0	1	0	2	3	2	13	3	1	0	0	0	1	0	1	6
Coburn	3	1	2	0	2	0	1	2	7	0	3	2	3	2	9	4	27	4	1	0	0	3	2	3	2	15
Coburn	3	0	0	1	0	0	0	1	1	0	1	0	1	0	2	0	2	0	0	0	0	0	0	0	1	2
Coburn	3	0	0	0	1	0	1	3	3	3	0	0	1	2	6	1	14	2	0	0	0	1	2	2	4	8
Coburn	2	0	1	1	0	0	0	0	2	0	1	0	1	0	2	1	4	0	0	0	0	0	1	0	1	1
Coburn	2	0	1	0	3	0	0	2	4	0	3	0	3	0	6	0	12	3	3	0	0	2	1	2	0	6
Coburn	2	1	0	0	0	0	1	1	0	0	0	0	0	0	1	1	5	2	0	0	0	3	0	0	1	1
Coburn	2	0	0	0	1	0	1	1	1	0	1	0	1	0	2	1	6	1	0	0	0	1	1	0	0	2
Coburn	0	0	0	0	0	0	1	0	0	0	0	0	0	0	0	0	0	0	0	0	0	0	0	0	0	0
Coburn	2	1	2	0	3	0	2	3	4	2	0	0	2	0	7	1	14	2	3	0	0	1	0	2	1	8
Coburn	2	0	0	1	1	0	0	2	2	0	1	1	1	1	4	1	8	2	1	0	0	0	0	0	0	3
Coburn	2	0	0	0	2	0	0	1	0	0	0	0	0	0	1	1	10	4	2	0	0	0	0	0	0	0
Coburn	2	0	0	1	0	0	0	0	1	1	0	0	0	1	1	1	5	0	0	0	0	0	2	1	1	4
Coburn	2	0	1	0	2	0	0	0	3	0	2	0	2	0	3	1	10	0	1	0	0	0	2	2	2	8
Coburn	0	0	0	0	0	0	1	0	0	0	0	0	0	0	0	0	0	0	0	0	0	0	0	0	0	0
Coburn	2	0	1	1	3	0	3	1	4	2	1	0	3	0	5	2	14	2	2	0	0	3	2	0	2	8
Coburn	0	0	0	0	0	0	1	0	0	0	0	0	0	0	0	0	0	0	0	0	0	0	0	0	1	0
Coburn	2	0	1	1	0	0	0	0	2	0	1	0	1	0	2	1	3	0	1	0	0	0	0	0	0	1
Coburn	1	1	1	0	0	0	1	0	2	1	0	0	1	0	2	1	7	2	1	0	0	3	0	1	1	2
Coburn	1	1	0	0	1	0	1	0	3	2	1	0	3	0	3	0	6	1	1	0	0	1	1	0	0	4
Coburn	2	0	1	1	1	0	0	1	1	0	0	0	0	0	2	1	8	2	1	0	0	1	3	0	1	2
Coburn	2	0	0	1	0	0	0	1	0	0	0	0	0	0	1	0	2	1	0	0	0	0	0	0	0	0
Coburn	2	0	0	0	0	0	2	2	1	1	0	0	0	1	3	1	9	1	1	0	0	2	2	1	1	6
Coburn	2	0	0	0	1	0	2	2	2	2	0	0	0	2	4	0	8	1	2	0	0	1	2	1	2	7
Coburn	2	1	0	2	3	0	0	2	1	0	1	0	0	0	3	1	9	1	1	0	0	0	3	0	2	5
Coburn	2	2	0	1	4	0	0	1	0	0	0	0	0	0	1	3	10	0	3	0	0	2	4	0	1	3
Coburn	2	0	0	1	1	0	0	1	2	0	2	0	1	0	3	0	9	2	1	0	0	1	0	1	0	4
Coburn	2	0	0	0	1	0	0	2	0	0	0	0	0	0	2	0	6	1	1	0	0	2	0	0	1	2
Coburn	2	1	0	0	1	0	0	2	4	0	0	4	4	0	6	1	11	2	3	0	0	2	1	1	0	2
Coburn	2	0	0	0	3	0	1	0	3	3	0	0	3	0	3	0	4	1	3	0	0	0	0	0	0	2
Coburn	2	0	1	0	1	0	1	0	3	2	0	0	2	0	3	0	5	1	1	0	0	1	0	0	0	2
Coburn	2	0	1	0	2	0	0	1	3	2	0	0	2	0	4	1	9	2	1	0	0	1	1	2	0	5
Coburn	2	0	0	0	1	0	0	3	0	0	0	0	0	0	3	0	3	0	2	0	0	1	0	0	0	2
Coburn	2	2	0	0	1	0	1	0	1	0	0	1	1	0	1	0	7	0	1	0	0	0	1	1	1	5
Coburn	2	0	1	0	1	1	1	2	3	0	1	2	1	1	5	1	11	2	1	0	0	0	1	0	2	5
Coburn	3	4	0	0	5	0	0	0	2	0	2	0	2	0	2	0	7	0	3	0	0	0	1	0	2	2
Coburn	3	0	0	0	0	0	0	1	1	0	1	0	0	0	2	0	3	1	0	0	0	1	0	0	0	1
Coburn	3	0	0	0	1	0	0	0	0	0	0	0	0	0	0	0	4	2	0	0	0	0	1	0	1	2
Coburn	3	0	0	0	0	0	1	1	1	1	0	0	0	1	2	1	5	0	0	0	0	0	2	1	1	3
Coburn	2	0	0	0	0	0	1	1	2	1	1	0	2	0	3	1	8	1	1	0	0	1	2	1	1	5
Coburn	0	0	0	0	3	0	4	0	6	3	3	0	5	0	6	0	9	2	1	0	0	0	0	1	1	6
Kaufman	0	0	0	0	0	0	1	0	0	0	0	0	0	0	0	0	0	0	0	0	0	0	0	0	0	0
Kaufman	1	2	0	0	3	0	1	1	3	1	2	0	2	0	4	2	12	2	0	0	0	0	1	0	0	5
Kaufman	1	0	1	0	0	0	0	0	1	0	0	0	0	0	1	0	2	1	0	0	0	0	0	0	0	0
Kaufman	1	0	0	0	5	0	0	0	2	0	1	1	1	1	2	1	3	0	0	0	0	0	0	1	0	2
Kaufman	1	0	0	0	2	0	0	0	1	0	0	1	0	1	1	0	2	0	0	0	0	0	0	1	0	1
Kaufman	1	1	0	0	5	0	0	1	1	0	0	1	0	1	2	2	6	1	1	0	0	2	3	1	0	1
Kaufman	1	0	1	0	3	0	2	2	3	0	1	2	0	2	5	2	11	2	2	0	0	2	2	1	2	5
Kaufman	0	0	0	0	0	0	1	0	0	0	0	0	0	0	0	0	0	0	0	0	0	0	0	0	0	0
Kaufman	1	0	2	1	1	0	0	5	2	0	0	0	0	0	7	3	21	8	0	0	0	2	3	1	1	4
Kaufman	0	0	0	0	0	0	1	0	0	0	0	0	0	0	0	0	0	0	0	0	0	0	0	0	0	0
Kaufman	0	0	0	0	0	0	1	0	0	0	0	0	0	0	0	0	0	0	0	0	0	0	0	0	0	0
Kaufman	1	0	1	1	0	0	0	1	1	0	0	0	0	0	2	3	9	3	1	0	0	1	1	0	1	2
Kaufman	0	0	0	0	0	0	1	0	0	0	0	0	0	0	0	0	0	0	0	1	0	0	0	0	0	0
Kaufman	0	0	0	0	0	0	1	0	0	0	0	0	0	0	0	0	0	0	0	0	0	0	0	0	0	0
Kaufman	0	0	0	0	0	0	1	0	0	0	0	0	0	0	0	0	0	0	0	0	0	0	0	0	0	0
Kaufman	2	0	2	0	2	0	2	2	3	1	0	0	1	0	5	2	15	3	0	0	0	3	3	0	1	5
Kaufman	2	0	1	0	3	0	1	3	2	1	0	0	1	0	5	3	14	2	2	0	0	3	3	1	1	7
Kaufman	2	1	1	0	4	0	1	2	5	0	4	0	3	0	7	3	15	2	0	0	0	0	2	0	2	5
Kaufman	2	1	0	0	2	0	0	1	3	3	0	0	3	0	4	1	14	1	3	0	0	0	4	0	0	10
Kaufman	0	0	0	0	0	0	1	0	0	0	0	0	0	0	0	0	0	0	0	0	0	0	0	0	0	0
Kaufman	0	0	0	0	0	0	1	0	0	0	0	0	0	0	0	0	0	0	0	0	0	0	0	0	1	0
Kaufman	0	0	0	0	0	0	1	0	0	0	0	0	0	0	0	0	0	0	0	0	0	0	0	0	0	0
Kaufman	0	0	0	0	0	0	1	0	0	0	0	0	0	0	0	0	0	0	0	0	0	0	0	0	0	0
Kaufman	2	1	1	0	4	0	1	3	8	6	1	0	6	1	11	0	23	4	4	0	0	1	2	0	0	14
Kaufman	0	0	0	0	0	0	1	0	0	0	0	0	0	0	0	0	0	0	0	0	0	0	0	0	0	0
Kaufman	1	0	1	1	1	0	0	0	3	0	2	0	1	0	3	2	10	2	0	0	0	1	0	0	1	3
Kaufman	1	1	0	1	0	0	0	1	2	1	1	0	2	0	3	1	12	2	1	0	0	1	1	0	2	7
Kaufman	2	0	1	0	1	0	0	3	3	2	0	0	1	1	6	2	14	4	0	0	0	3	1	0	1	3
Kaufman	2	1	0	0	2	0	2	4	5	2	2	1	4	1	9	1	22	3	1	0	0	2	2	0	3	15
Kaufman	1	0	0	0	1	0	0	2	1	1	0	0	1	0	3	1	7	1	1	0	0	1	1	0	1	3
Kaufman	1	0	1	1	0	0	0	0	2	0	1	0	0	0	2	0	4	2	0	0	0	1	0	0	0	0
Kaufman	1	1	0	1	0	0	1	2	2	2	0	0	1	1	4	1	7	1	0	0	0	2	1	0	0	3
Kaufman	0	0	0	0	0	0	1	0	0	0	0	0	0	0	0	0	0	0	0	0	0	0	0	0	0	0
Kaufman	0	0	0	0	0	0	1	0	0	0	0	0	0	0	0	0	0	0	0	0	0	0	0	0	0	0
Kaufman	0	0	0	0	0	0	1	0	0	0	0	0	0	0	0	0	0	0	0	0	0	0	0	0	0	0
Kaufman	2	0	0	0	4	0	1	2	3	3	0	0	3	0	5	0	12	0	2	0	0	0	3	0	1	10
Kaufman	2	0	0	0	4	0	1	2	3	2	1	0	2	0	5	1	9	0	1	0	0	0	2	0	1	5
Kaufman	2	0	0	0	0	0	1	2	1	1	0	0	1	0	3	0	7	0	0	0	0	2	1	0	1	5
Kaufman	2	0	0	0	1	0	0	1	2	2	0	0	2	0	3	0	5	0	1	0	0	0	0	0	0	5
Kaufman	2	1	0	0	0	0	1	0	0	0	0	0	0	0	0	0	7	5	0	0	0	0	1	0	1	1
Kaufman	2	0	0	0	1	0	0	2	0	0	0	0	0	0	2	3	9	0	0	0	0	2	5	1	2	4
Kaufman	2	1	0	0	4	0	1	1	3	1	2	0	3	0	4	0	14	4	1	0	0	3	3	1	2	7
Kaufman	2	0	0	0	1	0	1	0	1	0	1	0	1	0	1	0	4	1	0	0	0	0	2	1	1	2
Kaufman	2	0	0	0	4	0	0	0	1	0	1	0	1	0	1	5	10	2	4	0	0	1	2	0	1	3
Kaufman	2	1	0	0	2	0	1	2	1	0	1	0	1	0	3	1	10	2	1	0	0	3	2	0	1	4
Kaufman	2	1	1	0	0	0	0	0	2	0	1	0	1	0	2	1	8	3	0	0	0	1	2	0	0	2
Kaufman	2	0	0	0	2	0	0	3	1	1	0	0	1	0	4	1	10	1	1	0	0	2	2	0	1	5
Kaufman	2	0	0	0	0	0	0	0	1	0	1	0	1	0	1	1	3	0	0	0	0	0	0	0	1	2
Kaufman	2	0	1	0	2	0	0	0	2	0	1	0	0	0	2	0	5	3	0	0	0	2	0	0	0	0
Kaufman	2	0	0	0	1	0	1	0	1	0	1	0	0	0	1	1	5	2	0	0	0	0	1	0	1	1
Kaufman	0	0	0	0	0	0	1	0	0	0	0	0	0	0	0	0	0	0	0	0	0	0	0	0	1	0
Kaufman	0	0	0	0	0	0	1	0	0	0	0	0	0	0	0	0	0	0	0	0	0	0	0	0	0	0
Kaufman	0	0	0	0	0	0	1	0	0	0	0	0	0	0	0	0	0	0	0	0	0	0	0	0	0	0
Kaufman	2	1	1	0	2	0	1	2	2	1	0	0	1	0	4	1	13	2	4	0	0	1	2	0	4	7
Kaufman	2	1	0	0	3	0	2	1	5	1	4	0	3	0	6	1	24	5	2	0	0	1	6	2	3	13
Kaufman	2	0	0	0	2	0	1	1	3	0	3	0	2	0	4	1	11	3	1	0	0	0	2	1	1	4
Kaufman	2	0	2	0	2	0	2	1	4	1	1	0	2	0	5	2	12	2	0	0	0	1	2	0	1	5
Kaufman	0	0	0	0	1	0	0	0	0	0	0	0	0	0	0	0	1	0	0	0	0	0	0	0	0	0
Kaufman	0	0	1	0	2	0	1	2	1	0	0	0	0	0	3	0	12	6	0	0	0	1	0	0	0	3
Kaufman	0	0	0	1	1	0	0	1	0	0	0	0	0	0	1	0	3	2	0	0	0	0	0	0	0	0
Kaufman	0	0	0	0	0	0	1	0	0	0	0	0	0	0	0	0	1	1	0	0	0	1	0	0	0	0
Kaufman	0	0	0	0	3	0	0	0	2	0	2	0	2	0	2	1	3	0	1	0	0	0	0	0	0	2
Kaufman	0	0	0	0	0	0	0	0	0	0	0	0	0	0	0	2	2	0	0	0	0	0	0	0	0	0
Kaufman	0	0	1	0	0	0	1	2	2	0	1	0	0	0	4	2	10	3	0	0	0	0	0	0	0	2
Kaufman	2	0	0	0	0	0	0	0	1	0	1	0	1	0	1	0	2	0	0	0	0	0	1	0	0	2
Kaufman	2	0	2	0	0	0	1	0	3	0	1	0	1	0	3	0	6	2	0	0	0	0	1	0	0	2
Kaufman	0	1	1	0	1	0	0	1	1	0	0	0	0	0	2	0	5	0	1	0	0	0	0	0	1	2
Kaufman	1	0	0	0	2	0	0	0	2	0	1	1	1	1	2	0	7	0	2	0	0	1	1	0	2	4
Kaufman	1	0	2	0	2	0	0	0	2	0	0	0	0	0	2	1	5	2	0	0	0	0	0	0	0	0
Kaufman	1	0	1	0	1	0	1	0	3	0	2	0	1	0	3	0	5	1	0	0	0	0	1	0	0	2
Kaufman	2	0	0	1	0	0	0	1	1	0	1	0	1	0	2	1	4	0	0	0	0	0	1	1	0	3
Kaufman	0	0	0	0	0	0	1	0	0	0	0	0	0	0	0	0	0	0	0	0	0	0	0	0	0	0
Kaufman	1	0	0	0	1	0	1	2	2	0	2	0	2	0	4	2	9	0	1	0	0	0	0	2	0	7
Kaufman	0	0	0	0	0	0	1	0	0	0	0	0	0	0	0	0	0	0	0	0	0	0	0	0	0	0
Kaufman	0	0	0	0	0	0	1	0	0	0	0	0	0	0	0	0	0	0	0	0	0	0	0	0	0	0
Kaufman	2	1	0	0	5	0	0	1	4	3	1	0	4	0	5	2	16	5	0	0	0	1	2	0	1	5
Kaufman	2	0	0	0	3	0	0	0	4	0	4	0	4	0	4	0	8	0	3	0	0	0	0	4	0	8
Kaufman	2	0	0	0	4	0	0	3	2	0	1	1	1	1	5	2	8	1	3	0	0	0	1	0	0	2
Kaufman	2	1	0	0	1	0	1	1	1	0	1	0	1	0	2	2	9	2	0	0	0	0	1	0	0	4
Kaufman	2	0	0	0	3	0	0	2	1	0	1	0	1	0	3	3	8	3	1	0	0	1	0	0	0	3
Kaufman	2	0	0	0	0	0	0	1	0	0	0	0	0	0	1	0	2	1	0	0	0	0	0	0	0	0
Kaufman	2	0	0	0	2	0	0	1	2	0	2	0	2	0	3	0	4	0	1	0	0	0	0	0	0	4
Kaufman	2	0	0	0	1	0	0	0	1	0	1	0	1	0	1	1	3	0	0	0	0	0	0	0	0	1
Kaufman	2	0	0	0	3	0	1	1	0	0	0	0	0	0	1	0	6	5	3	0	0	0	0	0	0	0
Kaufman	0	0	0	0	0	0	1	0	0	0	0	0	0	0	0	0	0	0	0	0	0	0	0	0	0	0
Kaufman	0	0	0	0	0	0	1	0	0	0	0	0	0	0	0	0	0	0	0	0	0	0	0	0	0	0
Kaufman	0	0	0	0	1	0	0	0	0	0	0	0	0	0	0	0	1	0	2	0	0	0	0	0	0	0
Kaufman	2	0	0	0	2	0	1	2	3	2	1	0	2	1	5	0	11	2	1	0	0	1	1	1	2	8
Kaufman	0	0	0	0	0	0	1	0	0	0	0	0	0	0	0	0	1	0	0	0	0	0	0	0	0	0
Kaufman	1	0	1	1	0	0	0	1	2	0	1	0	1	0	3	1	7	1	0	0	0	1	2	1	1	4
Kaufman	0	0	0	0	1	0	0	0	0	0	0	0	0	0	0	1	1	0	1	0	0	0	0	0	0	0
Kaufman	2	0	0	0	2	0	0	0	1	1	0	0	1	0	1	1	8	1	3	0	0	0	1	3	1	5
Kaufman	2	0	0	0	1	0	2	0	4	2	2	0	4	0	4	0	12	0	1	0	0	0	2	3	0	11
Kaufman	2	1	1	1	0	0	0	1	1	0	0	0	0	0	2	0	7	2	0	0	0	2	1	0	0	3
Kaufman	2	0	0	0	3	0	2	4	5	1	4	0	5	0	9	0	15	1	2	0	0	0	4	0	0	12
Kaufman	2	0	0	0	3	0	0	0	0	0	0	0	0	0	0	0	0	0	5	0	0	0	0	0	0	0
Kaufman	2	0	0	0	2	0	0	0	2	0	1	1	1	1	2	0	3	0	1	0	0	0	0	0	0	1
Kaufman	2	0	0	0	3	0	0	1	1	1	0	0	1	0	2	2	6	2	2	0	0	1	0	0	0	2
Kaufman	2	0	1	0	4	0	1	3	4	0	3	0	2	0	7	1	15	5	2	0	0	1	2	0	0	4
Kaufman	2	0	1	0	1	0	0	1	3	1	1	0	2	0	4	1	10	0	0	0	0	0	2	1	1	7
Kaufman	1	2	0	1	1	0	0	0	0	0	0	0	0	0	0	0	4	2	1	0	0	2	0	0	0	0
Kaufman	0	0	0	0	0	0	1	0	0	0	0	0	0	0	0	0	0	0	0	0	0	0	0	0	0	0
Kaufman	0	0	0	0	0	0	1	0	0	0	0	0	0	0	0	0	0	0	0	0	0	0	0	0	0	0
Kaufman	2	0	1	0	3	0	1	3	5	1	3	0	3	1	8	2	17	2	0	0	0	0	5	2	1	9
Kaufman	1	0	0	0	2	0	0	0	1	1	0	0	0	1	1	0	1	0	0	0	0	0	0	0	0	1
Kaufman	1	0	0	0	0	0	0	1	0	0	0	0	0	0	1	0	2	0	0	0	0	1	0	0	0	2
Kaufman	1	0	0	0	1	0	0	1	0	0	0	0	0	0	1	2	5	2	0	0	0	0	2	1	2	3
Kaufman	1	1	0	0	1	0	0	0	1	0	0	1	0	1	1	1	5	1	1	0	0	1	1	1	1	2
Kaufman	1	1	0	0	0	0	0	1	0	0	0	0	0	0	1	1	5	1	0	0	0	1	1	1	1	2
Kaufman	2	0	0	0	1	0	0	0	1	0	1	0	1	0	1	0	3	0	1	0	0	0	1	0	0	2
Kaufman	1	1	0	0	1	0	0	0	2	0	2	0	2	0	2	0	5	1	1	0	0	2	1	0	0	3
Kaufman	0	0	0	0	2	0	0	2	1	0	1	0	1	0	3	0	6	0	1	0	0	1	0	0	0	5
Kaufman	1	0	0	0	1	0	2	3	1	0	1	0	1	0	4	2	14	1	1	0	0	2	2	1	3	6
Kaufman	1	1	0	1	3	0	1	0	5	1	1	4	1	4	5	1	14	3	0	0	0	3	2	1	1	6
Kaufman	1	0	1	0	2	0	0	3	1	0	0	0	0	0	4	1	6	0	1	0	0	0	2	0	0	4
Kaufman	1	0	0	0	1	0	2	4	4	0	4	0	4	0	8	4	21	3	2	0	0	1	5	2	2	13
Kaufman	1	0	0	0	1	0	1	0	0	0	0	0	0	0	0	0	0	0	0	0	0	0	0	0	1	0
Kaufman	2	0	1	0	0	0	1	0	2	0	1	0	1	0	2	3	9	2	0	0	0	2	3	2	1	3
Kaufman	0	0	0	0	0	0	1	0	0	0	0	0	0	0	0	0	0	0	0	0	0	0	0	0	0	0
Kaufman	0	0	0	0	0	0	1	0	0	0	0	0	0	0	0	0	0	0	0	0	0	0	0	0	0	0
Kaufman	0	0	0	0	0	0	1	0	0	0	0	0	0	0	0	0	0	0	0	0	0	0	0	0	0	0
Kaufman	0	0	0	0	0	0	1	0	0	0	0	0	0	0	0	0	0	0	0	0	0	0	0	0	0	0
Kaufman	0	0	0	0	0	0	1	0	0	0	0	0	0	0	0	0	0	0	0	0	0	0	0	0	0	0
Kaufman	2	0	1	0	2	0	2	4	4	2	1	0	3	0	8	2	21	2	3	0	0	0	5	0	4	12
Kaufman	2	0	0	0	1	0	0	1	0	0	0	0	0	0	1	0	2	1	1	0	0	0	1	0	1	0
Kaufman	2	0	1	0	0	0	1	2	2	1	0	0	1	0	4	0	7	1	0	0	0	0	1	0	2	4
Kaufman	2	0	0	0	3	0	0	1	2	1	1	0	2	0	3	2	10	4	0	0	0	2	3	1	1	2
Kaufman	2	0	0	0	1	0	0	1	1	1	0	0	1	0	2	0	3	1	0	0	0	0	0	0	0	0
Kaufman	2	0	1	0	1	0	0	0	1	0	0	0	0	0	1	1	2	0	1	0	0	0	0	0	0	0
Kaufman	2	1	0	0	0	0	3	4	3	3	0	0	3	0	7	2	14	0	0	0	0	0	3	0	3	6
Kaufman	2	0	1	0	1	0	2	5	5	2	2	0	2	1	10	3	22	0	1	0	0	0	4	1	5	12
Kaufman	3	0	1	0	0	0	0	2	1	0	0	0	0	0	3	1	9	2	0	0	0	1	2	0	2	3
Kaufman	3	0	1	0	0	0	0	1	1	0	0	0	0	0	2	0	5	1	0	0	0	0	1	0	1	3
Kaufman	3	0	0	1	0	0	0	1	1	1	0	0	0	1	2	1	6	3	0	0	0	1	0	1	0	2
Kaufman	2	0	1	0	0	0	1	1	1	0	0	0	0	0	2	0	5	1	0	0	0	0	1	0	1	2
Kaufman	2	0	0	0	0	0	1	3	2	0	2	0	2	0	5	0	11	2	0	0	0	0	3	1	2	7
Kaufman	2	0	0	0	0	0	0	1	0	0	0	0	0	0	1	0	3	0	0	0	0	0	1	0	2	1
Kaufman	2	0	0	0	1	0	0	0	1	1	0	0	0	1	1	1	5	1	0	0	0	0	0	0	1	2
Kaufman	2	0	0	0	1	0	0	1	0	0	0	0	0	0	1	1	5	1	0	0	0	0	1	0	1	2
Kaufman	2	1	0	0	2	0	0	2	0	0	0	0	0	0	2	1	5	1	0	0	0	3	0	0	0	1
Kaufman	2	1	0	0	2	0	0	2	1	0	0	1	0	1	3	1	7	2	0	0	0	3	0	0	0	3
Kaufman	2	1	0	0	2	0	1	4	1	1	0	0	1	0	5	1	10	0	3	0	0	0	2	0	2	7
Kaufman	1	0	1	1	1	0	0	1	2	0	1	0	1	0	3	0	7	0	1	0	0	0	1	0	2	5
Kaufman	1	0	0	0	1	0	0	1	0	0	0	0	0	0	1	0	3	1	0	0	0	0	0	0	1	2
Kaufman	2	0	1	0	2	0	0	3	1	0	0	0	0	0	4	0	8	2	2	0	0	0	1	0	1	4
Kaufman	2	0	1	1	2	0	0	5	4	1	2	0	3	0	9	2	15	1	0	0	0	0	3	0	1	8
Kaufman	1	0	0	0	3	0	0	0	1	0	1	0	1	0	1	1	4	0	0	0	0	1	2	1	0	2
Kaufman	1	0	0	0	1	0	0	0	0	0	0	0	0	0	0	0	0	0	0	0	0	0	0	0	0	0
Kaufman	1	1	0	0	2	0	0	3	1	0	1	0	1	0	4	1	14	4	0	0	0	0	3	0	0	6
Kaufman	1	0	0	0	0	0	1	2	1	1	0	0	1	0	3	0	6	1	0	0	0	1	1	0	2	5
Kaufman	0	0	0	0	0	0	1	0	0	0	0	0	0	0	0	0	0	0	0	0	0	0	0	0	0	0
Kaufman	0	0	0	0	0	0	1	0	0	0	0	0	0	0	0	0	0	0	0	0	0	0	0	0	0	0
Kaufman	1	0	0	0	0	0	0	1	0	0	0	0	0	0	1	0	2	0	0	0	0	0	0	0	1	2
Kaufman	2	0	1	0	2	0	0	3	2	0	1	0	1	0	5	1	11	2	1	0	0	0	2	0	2	6
Kaufman	2	0	0	0	0	0	1	0	1	0	1	0	1	0	1	1	5	1	0	0	0	1	0	0	0	3
Kaufman	2	0	0	0	2	0	0	1	1	1	0	0	1	0	2	0	3	0	0	0	0	0	0	0	0	2
Kaufman	2	0	0	0	2	0	0	1	1	0	1	0	1	0	2	2	4	0	1	0	0	0	2	0	0	2
Kaufman	2	1	1	0	0	0	1	0	2	1	0	0	1	0	2	0	7	0	0	0	0	0	3	2	1	5
Kaufman	1	0	0	0	0	0	0	0	2	1	1	0	2	0	2	0	4	1	2	0	0	0	1	0	0	2
Kaufman	0	1	0	0	1	0	0	0	0	0	0	0	0	0	0	0	2	1	0	0	0	1	0	0	0	0
Kaufman	1	0	0	0	3	0	1	0	5	4	0	1	3	2	5	2	11	3	2	0	0	1	0	0	2	5
Kaufman	1	0	0	0	1	0	1	0	2	1	0	1	1	1	2	2	4	0	0	0	0	0	0	0	0	1
Kaufman	2	1	1	0	1	0	4	7	5	1	3	0	4	0	12	0	21	3	0	0	0	1	3	2	2	14
Kaufman	2	0	0	0	0	0	1	2	0	0	0	0	0	0	2	0	7	1	0	0	0	0	1	0	3	5
Kaufman	2	1	0	0	2	0	0	0	1	0	1	0	1	0	1	1	5	1	0	0	0	2	2	1	1	2
Kaufman	2	0	0	0	2	0	0	1	1	0	1	0	1	0	2	2	5	1	1	0	0	1	0	0	0	1
Kaufman	2	0	0	0	1	0	1	1	2	2	0	0	1	1	3	0	5	0	0	0	0	0	2	0	1	3
Kaufman	0	0	1	0	0	0	0	1	2	0	1	0	1	0	3	0	5	1	0	0	0	0	1	0	1	3
Kaufman	0	0	0	0	1	0	0	0	0	0	0	0	0	0	0	0	0	0	0	0	0	0	0	0	0	0
Kaufman	2	0	0	0	0	0	0	1	0	0	0	0	0	0	1	0	2	1	0	0	0	1	0	0	0	0
Kaufman	2	0	0	0	0	0	2	0	0	0	0	0	0	0	0	0	2	0	3	0	0	0	2	0	0	2
Kaufman	1	0	0	0	0	0	1	0	0	0	0	0	0	0	0	0	1	0	0	0	0	0	1	0	0	1
Kaufman	2	0	0	0	0	0	1	0	1	0	0	1	0	1	1	1	2	0	1	0	0	0	0	0	1	1
Kaufman	1	0	0	0	2	0	2	1	4	4	0	0	3	1	5	2	13	3	1	0	0	2	0	1	1	5
Kaufman	1	0	0	0	1	0	0	1	2	1	0	1	0	2	3	1	6	1	0	0	0	0	0	0	1	2
Kaufman	1	0	0	0	0	0	2	2	2	1	0	1	0	2	4	0	8	2	0	0	0	1	0	2	2	4
Kaufman	1	0	2	0	3	0	2	6	3	0	1	0	1	0	9	0	17	1	3	0	0	0	2	0	4	12
Kaufman	1	1	1	0	3	0	1	1	5	2	2	0	4	0	6	1	17	0	3	0	0	0	3	0	3	9
Kaufman	0	0	0	0	0	0	1	0	0	0	0	0	0	0	0	0	0	0	0	0	0	0	0	0	0	0
Kaufman	0	0	0	0	0	0	1	0	0	0	0	0	0	0	0	0	0	0	0	0	0	0	0	0	1	0
Kaufman	0	0	0	0	0	0	1	0	0	0	0	0	0	0	0	0	0	0	0	0	0	0	0	0	0	0
Kaufman	0	0	0	0	0	0	1	0	0	0	0	0	0	0	0	0	0	0	0	0	0	0	0	0	0	0
Kaufman	0	0	0	0	0	0	0	1	0	0	0	0	0	0	1	0	2	1	1	0	0	0	0	0	0	1
Kaufman	2	0	1	0	1	0	0	1	2	1	0	0	1	0	3	0	4	0	1	0	0	1	1	0	1	2
Kaufman	0	0	0	0	0	0	1	0	0	0	0	0	0	0	0	0	0	0	0	0	0	0	0	0	1	0
Kaufman	0	0	0	0	0	0	1	0	0	0	0	0	0	0	0	0	0	0	0	0	0	0	0	0	0	0
Kaufman	0	0	0	0	0	0	1	0	0	0	0	0	0	0	0	0	0	0	0	0	0	0	0	0	0	0
Kaufman	2	0	1	0	4	0	0	1	5	3	1	0	4	0	6	0	8	0	4	0	0	0	2	0	1	5
Kaufman	1	0	0	0	2	0	0	2	1	1	0	0	0	1	3	0	4	0	3	0	0	0	0	1	1	2
Kaufman	1	0	1	0	2	0	0	3	4	2	1	0	2	1	7	2	13	2	0	0	0	1	0	1	4	6
Kaufman	2	0	0	0	1	0	0	1	0	0	0	0	0	0	1	0	2	1	1	0	0	0	0	0	0	1
Kaufman	2	1	0	0	2	0	0	1	2	1	1	0	2	0	3	0	7	0	2	0	0	1	1	1	0	6
Kaufman	2	0	1	0	1	0	0	1	2	0	1	0	1	0	3	1	6	2	0	0	0	1	0	0	0	2
Kaufman	2	0	0	1	0	0	0	1	1	0	1	0	1	0	2	0	2	0	0	0	0	0	0	0	0	2
Kaufman	2	0	0	0	0	0	0	1	0	0	0	0	0	0	1	0	1	0	0	0	0	0	0	0	0	0
Kaufman	2	1	0	0	0	0	1	0	0	0	0	0	0	0	0	0	5	2	0	0	0	0	1	0	1	2
Kaufman	2	0	0	1	0	0	0	1	0	0	0	0	0	0	1	1	3	0	2	0	0	0	1	0	0	2
Kaufman	2	0	1	0	1	0	0	0	3	0	2	0	2	0	3	1	5	2	1	0	0	0	0	0	0	2
Kaufman	2	0	0	0	4	0	0	1	2	0	2	0	2	0	3	1	7	1	3	0	0	0	3	1	1	5
Kaufman	2	0	0	0	0	0	1	1	2	2	0	0	0	2	3	0	5	1	0	0	0	0	0	1	0	3
Kaufman	2	0	0	0	0	0	1	0	1	1	0	0	0	1	1	0	2	0	0	0	0	0	0	1	0	2
Kaufman	2	1	0	0	2	0	0	4	0	0	0	0	0	0	4	0	9	0	3	0	0	0	3	0	3	3
Kaufman	2	1	1	0	2	0	3	1	3	2	0	0	2	0	4	0	12	1	0	0	0	0	3	1	2	9
Kaufman	0	0	0	0	0	0	1	0	0	0	0	0	0	0	0	0	0	0	0	0	0	0	0	0	0	0
Kaufman	0	0	0	0	0	0	1	0	0	0	0	0	0	0	0	0	0	0	0	0	0	0	0	0	0	0
Kaufman	0	0	0	0	0	0	1	0	0	0	0	0	0	0	0	0	0	0	0	0	0	0	0	0	0	0
Kaufman	2	0	0	0	2	0	1	2	2	1	1	0	2	0	4	0	8	1	0	0	0	0	1	0	0	4
Kaufman	2	0	0	0	1	0	0	1	0	0	0	0	0	0	1	0	1	0	1	0	0	0	0	0	0	0
Kaufman	2	0	0	0	1	0	0	1	0	0	0	0	0	0	1	0	1	0	1	0	0	0	0	0	1	0
Kaufman	2	0	0	1	0	0	0	4	0	0	0	0	0	0	4	0	11	4	0	0	0	1	0	1	1	5
Kaufman	2	0	0	0	2	0	0	0	1	0	1	0	0	0	1	0	1	0	2	0	0	0	0	0	0	0
Kaufman	2	0	0	0	2	0	0	0	0	0	0	0	0	0	0	1	3	1	2	0	0	0	0	0	0	0
Kaufman	2	0	1	0	0	0	4	0	5	0	4	0	3	0	5	2	10	3	0	0	0	1	0	0	0	3
Kaufman	2	0	0	0	0	0	1	2	2	1	1	0	2	0	4	0	9	5	0	0	0	1	0	1	0	3
Kaufman	1	0	0	1	0	0	0	0	0	0	0	0	0	0	0	0	1	1	0	0	0	0	0	0	0	0
Kaufman	2	1	0	1	0	0	0	2	1	0	1	0	1	0	3	0	9	3	0	0	0	1	2	2	1	5
Kaufman	2	0	0	0	2	0	0	0	2	0	2	0	2	0	2	1	6	0	1	0	0	0	3	0	0	4
Kaufman	1	0	0	0	1	0	0	0	1	0	1	0	1	0	1	0	2	1	0	0	0	0	0	0	0	1
Kaufman	2	1	1	0	2	0	2	9	3	1	1	0	2	0	12	1	30	6	1	0	0	1	5	1	3	13
Kaufman	2	0	0	0	3	0	1	1	3	3	0	0	3	0	4	0	10	2	4	0	0	0	2	0	0	5
Kaufman	2	0	0	0	1	0	0	0	1	0	1	0	1	0	1	0	1	0	1	0	0	0	0	0	0	1
Kaufman	2	0	0	0	0	0	1	0	1	1	0	0	1	0	1	0	4	1	0	0	0	0	1	0	0	2
Kaufman	2	0	1	0	4	0	0	2	3	2	0	0	2	0	5	0	8	1	2	0	0	1	1	0	1	4
Kaufman	2	0	1	0	2	0	2	0	3	2	0	0	2	0	3	3	14	4	2	0	0	0	4	0	2	4
Kaufman	2	0	2	0	2	0	0	2	4	2	0	0	2	0	6	2	16	5	2	0	0	0	0	0	2	5
Kaufman	2	1	0	0	0	0	1	5	0	0	0	0	0	0	5	0	11	2	0	0	0	2	2	0	1	3
Kaufman	0	0	0	0	0	0	1	0	0	0	0	0	0	0	0	0	0	0	0	0	0	0	0	0	0	0
Kaufman	0	0	0	0	0	0	1	0	0	0	0	0	0	0	0	0	0	0	0	0	0	0	0	0	1	0
Kaufman	0	0	0	0	0	0	1	0	0	0	0	0	0	0	0	0	0	0	0	0	0	0	0	0	0	0
Kaufman	0	0	0	0	0	0	1	0	0	0	0	0	0	0	0	0	0	0	0	0	0	0	0	0	1	0
Kaufman	2	1	0	0	3	0	1	0	2	2	0	0	2	0	2	0	9	0	3	0	0	0	2	0	1	3
Kaufman	2	0	1	0	1	0	0	1	1	0	0	0	0	0	2	1	3	0	1	0	0	0	0	0	1	0
Kaufman	2	0	0	0	1	0	0	0	0	0	0	0	0	0	0	0	2	0	2	0	0	0	1	1	1	1
Kaufman	2	0	0	0	0	0	0	0	0	0	0	0	0	0	0	0	0	0	4	0	0	0	0	0	0	0
Kaufman	2	1	0	0	0	0	0	1	0	0	0	0	0	0	1	0	3	0	0	0	0	0	1	1	1	1
Kaufman	2	0	0	0	0	0	0	0	0	0	0	0	0	0	0	1	2	0	0	0	0	0	1	0	1	1
Kaufman	2	0	2	0	2	0	1	4	5	1	2	0	2	1	9	1	16	2	1	0	0	1	2	0	4	9
Kaufman	2	0	0	0	1	0	1	0	1	0	1	0	1	0	1	0	4	0	0	0	0	0	2	1	1	3
Kaufman	2	1	2	0	5	0	2	2	4	1	1	0	2	0	6	2	18	2	1	0	0	0	1	0	1	7
Kaufman	2	2	0	0	1	0	0	0	1	0	1	0	1	0	1	1	8	2	1	0	1	2	1	1	1	3
Kaufman	2	1	0	0	1	0	3	3	4	0	4	0	4	0	7	1	20	4	4	0	0	1	1	2	5	12
Kaufman	2	0	1	0	1	0	0	1	1	0	0	0	0	0	2	1	4	0	1	0	0	1	2	0	1	2
Kaufman	2	0	2	0	1	0	2	2	7	3	0	2	0	5	9	0	18	5	1	0	0	0	1	2	2	9
Kaufman	2	0	0	0	0	0	3	1	1	0	0	1	0	1	2	2	7	2	2	0	0	0	2	2	1	5
Kaufman	2	0	2	0	1	0	1	0	3	1	0	0	0	1	3	0	6	1	1	0	0	0	0	0	0	1
Kaufman	2	0	2	0	1	0	0	0	3	0	0	1	1	0	3	0	7	2	1	0	0	2	0	0	0	2
Kaufman	2	0	0	0	1	0	0	1	1	0	1	1	0	1	2	0	4	1	0	0	0	1	1	0	0	2
Kaufman	2	0	0	0	0	0	0	0	1	0	1	1	0	1	1	1	3	1	0	0	0	1	0	0	0	0
Kaufman	2	0	0	0	0	0	2	1	1	0	0	1	1	0	2	3	9	2	0	0	0	2	0	0	0	3
Kaufman	2	0	0	0	2	0	0	2	0	0	0	0	0	0	2	0	3	0	2	0	0	0	1	0	0	1
Kaufman	2	0	0	0	0	0	0	0	1	0	0	1	1	0	1	0	2	0	0	0	0	0	0	0	0	2
Kaufman	2	1	2	0	1	0	2	0	3	1	0	0	0	1	3	2	11	4	0	0	0	0	1	0	1	2
Kaufman	2	0	0	0	2	0	0	0	1	0	0	1	0	1	1	0	6	0	1	0	0	0	1	1	1	4
Kaufman	2	2	0	0	1	0	2	0	1	0	0	1	0	1	1	0	9	0	0	0	0	0	2	2	2	6
Kaufman	2	0	1	0	2	0	0	0	3	0	1	1	1	1	3	1	7	1	1	0	0	0	0	0	0	1
Kaufman	0	0	0	0	4	0	0	1	1	0	0	1	0	1	2	0	4	2	1	0	0	1	0	0	0	2
Kaufman	1	0	0	1	1	0	0	0	3	0	0	3	0	3	3	1	7	1	0	0	0	1	0	0	2	3
Kaufman	2	0	0	0	2	0	0	2	0	0	0	0	0	0	2	1	7	1	2	0	0	0	1	0	0	2
Kaufman	2	1	0	0	0	0	1	0	1	0	0	1	0	1	1	0	4	0	0	0	0	0	1	1	0	3
Kaufman	0	0	0	0	0	0	1	0	0	0	0	0	0	0	0	0	0	0	0	0	0	0	0	0	0	0
Kaufman	0	0	0	0	0	0	0	0	0	0	0	0	0	0	0	0	0	0	0	0	0	0	0	0	1	0
Kaufman	2	0	0	0	0	0	1	1	2	2	0	0	1	1	3	0	5	1	0	0	0	0	0	0	0	1
Kaufman	2	0	2	0	1	0	1	3	2	0	0	0	0	0	5	0	10	4	1	0	0	0	1	0	0	1
Kaufman	2	0	0	0	0	0	1	0	0	0	0	0	0	0	0	0	4	3	0	0	0	2	1	0	0	1
Kaufman	2	0	0	0	0	0	1	0	1	0	1	1	0	1	1	0	2	1	0	0	0	1	0	0	0	0
Kaufman	2	0	1	0	1	0	1	1	2	1	0	0	1	0	3	1	7	1	0	0	0	2	2	0	0	2
Kaufman	2	0	1	0	1	0	0	0	2	1	0	0	1	0	2	0	4	2	0	0	0	0	0	0	0	1
Kaufman	2	0	0	0	1	0	0	0	0	0	0	0	0	0	0	0	2	0	1	0	0	0	2	0	1	2
Kaufman	2	0	1	0	1	0	0	0	2	0	1	0	1	0	2	0	2	0	1	0	0	0	0	0	0	1
Kaufman	2	1	2	0	1	0	1	1	2	0	0	0	0	0	3	1	5	0	1	0	0	1	1	0	0	1
Kaufman	2	1	2	0	4	0	1	3	5	1	0	2	1	2	8	0	13	3	3	0	0	1	1	0	1	5
Kaufman	2	0	0	0	1	0	1	2	0	0	0	0	0	0	2	2	10	2	1	0	0	0	1	1	1	3
Kaufman	2	0	1	0	0	0	1	0	1	0	0	0	0	0	1	1	3	0	0	0	0	0	1	0	0	1
Kaufman	2	0	0	0	0	0	0	0	0	0	0	0	0	0	0	1	2	0	0	0	0	0	0	0	0	0
Kaufman	2	0	0	0	0	0	1	0	1	0	0	1	0	1	1	0	2	1	0	0	0	1	0	0	0	1
Kaufman	2	0	0	0	0	0	0	1	1	1	0	0	1	0	2	1	4	0	0	0	0	0	2	0	0	2
Kaufman	2	0	1	0	0	0	0	0	3	1	0	1	0	2	3	0	7	1	0	0	0	3	2	0	2	3
Kaufman	2	0	0	0	1	0	0	1	1	1	0	0	0	1	2	1	8	2	0	0	0	1	0	0	2	2
Kaufman	2	0	0	0	0	0	0	3	0	0	0	0	0	0	3	0	8	2	0	0	0	0	1	0	1	6
Kaufman	2	0	0	0	0	0	1	0	0	0	0	0	0	0	0	0	3	3	0	0	0	1	0	0	0	0
Kaufman	2	0	2	0	1	0	1	2	2	0	0	0	0	0	4	0	5	0	1	0	0	0	0	0	2	3
Kaufman	2	0	0	0	3	0	0	3	0	0	0	0	0	0	3	2	5	0	3	0	0	0	0	0	0	3
Kaufman	2	1	0	0	0	0	1	1	0	0	0	0	0	0	1	0	5	0	0	0	0	2	0	0	1	3
Kaufman	2	0	0	0	0	0	0	1	0	0	0	0	0	0	1	0	4	0	0	0	0	1	0	0	1	3
Kaufman	2	0	1	0	0	0	1	1	2	1	0	0	0	1	3	1	5	1	0	0	0	1	1	0	0	0
Kaufman	2	0	0	0	2	0	0	3	1	0	1	0	1	0	4	0	7	2	0	0	0	1	0	0	0	2
Kaufman	2	0	0	0	1	0	1	3	3	1	1	1	2	1	6	1	15	2	0	0	0	1	3	1	2	8
Kaufman	2	0	0	0	0	0	0	0	0	0	0	0	0	0	0	1	1	0	0	0	0	0	0	0	0	0
Kaufman	2	0	0	0	0	0	1	1	0	0	0	0	0	0	1	0	2	0	0	0	0	1	1	0	0	2
Kaufman	2	0	0	0	0	0	0	3	2	0	1	1	1	1	5	0	7	0	0	0	0	0	1	0	0	3
Kaufman	2	1	0	0	3	0	1	2	3	1	2	0	3	0	5	1	11	0	2	0	0	0	3	1	0	7
Kaufman	2	1	1	0	0	0	1	0	2	0	1	0	1	0	2	0	5	1	0	0	0	1	1	0	0	2
Kaufman	2	0	0	0	0	0	2	5	3	1	1	1	2	1	8	1	13	2	0	0	0	1	1	0	1	6
Kaufman	1	0	0	0	1	0	0	1	1	1	0	0	1	0	2	1	4	0	1	0	0	0	0	0	1	3
Kaufman	1	0	0	0	0	0	0	1	0	0	0	0	0	0	1	0	3	0	0	0	0	0	0	0	1	2
Kaufman	1	0	1	0	1	0	2	0	3	1	1	0	2	0	3	0	4	0	0	0	0	0	1	0	0	3
Levin	0	0	1	0	2	0	1	0	3	2	0	0	0	2	3	1	9	2	1	0	0	1	0	0	1	3
Levin	0	0	0	0	1	0	1	0	3	2	1	0	0	2	3	0	5	1	0	0	0	0	0	0	0	2
Levin	0	0	1	0	2	0	1	1	4	1	2	0	1	1	5	2	14	4	0	0	0	0	1	1	2	6
Levin	0	0	4	1	4	0	0	1	7	0	3	0	3	0	8	3	18	2	0	0	0	0	2	0	5	8
Levin	0	0	0	0	1	0	1	0	2	0	2	0	2	0	2	0	3	0	2	0	0	0	0	0	0	2
Levin	0	0	1	0	1	0	0	0	3	1	1	0	2	0	3	1	7	0	1	0	0	1	2	3	2	5
Levin	0	2	0	0	2	0	0	1	1	1	0	0	0	1	2	2	8	0	3	0	0	1	3	0	0	3
Levin	0	1	1	0	1	0	1	0	2	0	1	0	1	0	2	1	7	2	1	0	0	0	0	0	0	2
Levin	0	0	0	0	1	0	0	1	1	0	1	0	1	0	2	1	5	1	3	0	0	1	1	0	0	3
Levin	0	0	0	0	2	0	1	0	2	1	1	0	0	1	2	1	4	1	0	0	0	2	1	1	0	0
Levin	0	0	0	0	3	0	1	0	1	0	1	0	1	0	1	0	2	0	3	0	0	0	0	0	0	1
Levin	0	0	0	0	1	0	0	0	1	1	0	0	0	1	1	0	2	0	1	0	0	0	0	1	1	2
Levin	0	0	0	0	0	0	0	0	0	0	0	0	0	0	0	0	1	1	0	0	0	0	0	0	0	0
Levin	0	0	0	0	0	0	0	0	0	0	0	0	0	0	0	0	1	1	0	0	0	0	0	0	0	0
Levin	0	0	0	0	0	0	0	0	0	0	0	0	0	0	0	0	1	0	0	0	0	0	0	0	0	0
Levin	0	0	0	0	0	0	0	0	0	0	0	0	0	0	0	0	0	0	0	0	0	0	0	0	0	0
Levin	0	0	0	0	0	0	0	0	0	0	0	0	0	0	0	0	1	0	0	0	0	0	1	0	0	1
Levin	0	0	0	0	0	0	0	0	0	0	0	0	0	0	0	0	1	1	0	0	0	0	0	0	0	0
Levin	0	0	0	0	0	0	0	0	0	0	0	0	0	0	0	2	2	0	0	0	0	0	0	0	0	0
Levin	0	1	0	0	0	0	1	2	2	0	0	2	0	2	4	1	10	2	0	0	0	0	3	0	0	4
Levin	1	0	0	0	1	0	0	1	1	1	0	0	1	0	2	0	4	1	0	0	0	0	0	0	0	3
Levin	1	0	0	0	0	0	0	1	1	0	1	0	0	0	2	2	5	0	0	0	0	0	0	0	1	2
Levin	1	0	0	0	0	0	0	2	0	0	0	0	0	0	2	0	2	0	0	0	0	0	0	0	0	1
Levin	1	0	0	0	0	0	0	0	0	0	0	0	0	0	0	0	1	0	0	0	0	0	1	0	1	1
Levin	2	1	0	0	0	0	0	0	0	0	0	0	0	0	0	1	3	1	0	0	1	2	1	0	0	0
Levin	2	1	0	0	1	0	0	1	0	0	0	0	0	0	1	1	3	0	0	0	1	1	1	0	0	1
Levin	2	0	0	0	0	0	0	1	1	0	1	0	0	0	2	0	2	0	0	0	0	0	0	0	0	0
Levin	2	1	0	0	0	0	1	1	0	0	0	0	0	0	1	0	4	2	0	0	0	1	0	0	0	0
Levin	2	0	0	0	1	0	2	0	0	0	0	0	0	0	0	0	1	0	1	0	0	0	0	0	0	0
Levin	2	3	1	0	1	0	1	3	1	0	0	0	0	0	4	1	11	1	0	0	1	0	3	0	0	5
Levin	0	0	1	0	0	0	0	0	1	0	0	0	0	0	1	1	5	3	0	0	0	0	0	0	0	0
Levin	1	1	0	0	1	0	0	0	0	0	0	0	0	0	0	0	1	0	0	0	0	0	0	0	0	0
Levin	2	0	0	0	1	0	1	2	0	0	0	0	0	0	2	0	4	2	0	0	0	1	2	0	0	1
Levin	1	0	1	0	0	0	2	1	2	0	1	0	0	0	3	0	7	4	1	0	0	0	0	0	0	1
Levin	2	0	0	0	0	0	0	0	0	0	0	0	0	0	0	1	1	0	0	0	0	0	1	0	0	0
Levin	2	0	0	0	0	0	0	0	0	0	0	0	0	0	0	0	0	0	0	0	0	0	0	0	0	0
Levin	2	0	0	0	1	0	1	2	0	0	0	0	0	0	2	0	4	2	0	0	0	0	0	0	0	2
Levin	0	0	1	0	1	0	0	0	1	0	0	0	0	0	1	0	2	1	0	0	0	0	0	0	0	0
Levin	0	0	1	0	0	0	1	4	1	0	0	0	0	0	5	0	8	2	0	0	0	0	1	0	0	5
Levin	0	2	0	0	0	0	1	0	0	0	0	0	0	0	0	0	4	2	0	0	0	0	0	0	0	0
Levin	1	0	1	0	0	0	0	0	1	0	0	0	0	0	1	0	1	0	0	0	0	0	0	0	0	0
Levin	1	0	0	0	1	0	1	1	2	0	2	0	0	0	3	0	5	1	0	0	0	0	1	0	0	2
Levin	1	0	1	0	0	0	1	2	1	0	0	0	0	0	3	1	6	1	0	0	0	0	2	0	1	3
Levin	0	1	2	0	2	0	1	1	2	0	0	0	0	0	3	0	6	1	0	0	0	1	1	0	0	1
Levin	2	1	0	0	0	0	1	0	0	0	0	0	0	0	0	0	1	0	0	0	0	0	0	0	0	0
Levin	2	0	0	0	0	0	1	1	1	0	1	0	0	0	2	0	2	0	0	0	0	0	0	0	0	1
Levin	0	0	0	0	1	0	0	1	3	0	3	0	0	0	4	1	8	3	0	0	0	1	0	0	0	1
Levin	1	0	0	0	0	0	0	0	1	0	0	1	0	1	1	0	2	1	0	0	0	0	0	0	0	0
Levin	1	0	0	0	0	0	1	1	0	0	0	0	0	0	1	0	1	0	0	0	1	0	0	0	0	1
Levin	2	0	0	0	0	0	1	0	1	0	0	1	0	1	1	1	4	1	0	1	0	0	0	0	0	1
Levin	0	0	1	0	2	0	0	2	4	0	3	0	1	0	6	0	8	0	2	0	0	0	1	0	2	4
Levin	0	0	0	0	1	0	0	0	1	0	0	1	0	1	1	0	1	0	0	0	0	0	0	0	0	1
Levin	0	0	0	0	0	0	0	0	0	0	0	0	0	0	0	0	1	0	0	0	0	0	1	0	1	1
Levin	1	0	1	0	0	0	1	0	1	0	0	0	0	0	1	0	1	0	0	0	0	0	0	0	0	0
Levin	2	0	0	0	1	0	1	4	2	0	1	1	1	1	6	3	11	1	0	0	0	0	1	0	0	4
Levin	1	0	1	0	1	0	0	0	1	0	0	0	0	0	1	0	2	1	0	0	0	0	0	0	0	0
Levin	1	0	0	0	0	0	1	1	0	0	0	0	0	0	1	0	4	1	0	0	0	0	2	0	2	2
Levin	1	0	1	0	0	0	1	1	2	1	0	0	1	0	3	1	9	3	0	0	0	2	2	0	0	4
Levin	1	0	0	0	0	0	1	0	0	0	0	0	0	0	0	0	0	0	0	0	0	0	0	0	0	0
Levin	0	1	0	0	1	0	0	0	1	0	1	0	0	0	1	0	3	1	0	0	0	1	0	0	0	0
Levin	2	0	0	1	0	0	0	1	0	0	0	0	0	0	1	1	4	1	0	0	0	0	1	0	0	1
Levin	0	0	0	0	2	0	1	3	0	0	0	0	0	0	3	0	6	2	0	0	0	0	2	0	0	3
Levin	0	0	0	0	0	0	0	0	0	0	0	0	0	0	0	0	0	0	0	0	0	0	0	0	0	0
Levin	2	0	0	0	2	0	2	2	3	3	0	0	0	3	5	1	15	1	0	0	0	1	6	1	4	12
Levin	2	2	0	0	1	0	0	0	1	0	1	0	1	0	1	1	6	1	0	0	0	1	1	0	0	2
Levin	2	0	0	1	1	0	0	1	0	0	0	0	0	0	1	1	4	1	0	0	0	1	1	0	0	0
Levin	1	0	0	0	5	0	2	5	4	4	0	0	0	4	9	2	22	2	1	0	0	3	5	1	3	15
Levin	2	2	2	0	3	0	1	6	2	0	0	0	0	0	8	3	20	2	0	0	0	1	7	0	1	10
Levin	1	0	0	0	0	0	1	1	0	0	0	0	0	0	1	0	2	1	0	0	0	0	0	0	0	1
Levin	2	0	0	0	0	0	1	0	1	0	1	0	0	0	1	0	1	0	0	0	0	0	0	0	0	0
Levin	2	0	0	0	0	0	1	0	0	0	0	0	0	0	0	0	0	0	0	0	0	0	0	0	0	0
Levin	0	0	1	0	0	0	1	0	1	0	0	0	0	0	1	0	1	0	0	0	0	0	0	0	0	0
Levin	2	1	1	0	1	0	2	3	2	0	0	1	0	1	5	0	12	4	0	0	0	1	4	0	0	4
Levin	1	1	0	0	1	0	0	1	0	0	0	0	0	0	1	1	3	1	0	0	0	0	0	0	0	1
Levin	2	0	1	0	2	0	0	0	1	0	0	0	0	0	1	0	4	2	0	0	0	1	1	0	0	1
Levin	0	0	0	0	0	0	1	0	0	0	0	0	0	0	0	1	2	1	0	0	0	0	1	0	0	0
Levin	1	0	1	0	0	0	2	0	2	0	1	0	0	0	2	0	3	1	0	0	0	0	0	0	0	0
Levin	1	0	0	0	0	0	1	0	0	0	0	0	0	0	0	0	0	0	0	0	0	0	0	0	0	0
Levin	0	0	0	0	1	0	0	0	0	0	0	0	0	0	0	0	1	0	1	0	0	0	0	0	0	0
Levin	1	1	0	0	2	0	0	1	1	1	0	0	1	0	2	0	7	1	0	0	0	1	1	0	2	3
Levin	1	0	0	0	0	0	0	0	0	0	0	0	0	0	0	1	2	0	0	0	0	0	1	0	1	1
Levin	1	0	1	0	2	0	0	4	3	0	0	2	0	2	7	2	13	1	1	0	0	0	2	0	2	5
Levin	1	0	0	0	2	0	1	0	4	0	1	3	0	3	4	2	8	1	2	0	0	0	2	0	0	3
Levin	2	0	0	0	0	0	0	1	0	0	0	0	0	0	1	1	5	3	0	0	0	0	0	0	0	0
Levin	2	0	0	0	1	0	0	1	0	0	0	0	0	0	1	2	4	1	0	0	0	1	1	0	0	0
Levin	2	1	0	0	1	0	0	1	1	1	0	0	1	0	2	0	6	2	0	0	0	2	1	0	2	2
Levin	2	1	0	0	1	0	1	0	0	0	0	0	0	0	0	1	3	0	1	0	0	0	1	0	1	1
Levin	0	0	0	0	0	0	0	0	1	1	0	0	1	0	1	1	5	2	0	0	0	0	0	1	0	2
Levin	2	0	0	0	0	0	0	1	2	0	2	0	2	0	3	2	6	0	0	0	0	1	3	0	0	4
Levin	0	0	0	0	1	0	0	0	0	0	0	0	0	0	0	0	0	0	1	0	0	0	0	0	0	0
Levin	1	0	0	0	3	0	2	1	4	1	3	1	2	2	5	3	14	2	0	0	0	1	3	3	3	8
Levin	0	0	1	0	0	0	1	1	4	1	2	0	1	1	5	0	7	1	0	0	0	0	1	0	1	2
Levin	2	1	0	0	1	0	0	1	0	0	0	0	0	0	1	1	4	1	2	0	0	2	0	0	0	1
Levin	0	0	0	0	0	0	0	0	0	0	0	0	0	0	0	0	1	0	0	0	0	0	0	0	0	0
Levin	0	1	0	0	1	0	0	0	0	0	0	0	0	0	0	0	2	1	0	0	0	0	0	0	0	0
Levin	1	1	0	0	0	0	2	2	2	0	2	0	2	0	4	0	8	1	0	0	0	0	1	0	0	5
Levin	1	0	0	0	0	0	0	1	0	0	0	0	0	0	1	2	4	1	0	0	0	0	1	0	1	0
Levin	2	0	1	0	0	0	0	1	3	0	2	0	1	0	4	0	10	3	0	0	0	1	1	0	1	3
Levin	0	0	0	0	0	0	0	0	1	0	1	0	0	0	1	1	2	0	0	0	0	0	0	0	0	0
Levin	2	0	0	0	0	0	1	2	0	0	0	0	0	0	2	0	3	0	0	0	1	0	1	0	1	2
Levin	1	0	0	0	0	0	0	0	1	0	1	0	1	0	1	1	3	0	0	0	0	0	0	1	0	2
Levin	0	0	0	0	0	0	0	0	0	0	0	0	0	0	0	0	1	1	0	0	0	0	0	0	0	0
Levin	1	1	1	1	1	0	0	0	2	0	1	0	0	0	2	1	9	1	0	0	0	1	2	0	1	3
Levin	3	1	0	2	0	0	0	5	7	0	4	3	4	3	12	3	21	3	0	0	1	3	2	0	1	12
Levin	2	0	0	0	2	0	1	1	3	3	0	0	2	1	4	0	5	1	2	0	0	0	0	0	0	4
Levin	2	1	0	0	0	0	1	0	4	1	3	0	3	0	4	1	9	0	0	0	0	2	1	1	0	5
Levin	2	1	0	0	1	0	0	1	0	0	0	0	0	0	1	0	4	1	0	0	1	2	1	0	1	1
Levin	2	0	0	1	2	0	0	4	3	0	3	0	1	0	7	4	14	2	0	0	0	1	1	0	0	6
Levin	2	0	0	0	1	0	2	1	1	0	1	0	1	0	2	0	5	1	0	0	0	1	1	0	0	2
Levin	2	1	0	0	3	0	2	3	4	0	3	1	2	1	7	1	15	3	0	0	0	2	0	0	2	7
Levin	2	1	0	0	1	0	0	2	2	0	1	1	1	1	4	1	10	2	0	0	0	0	3	1	1	6
Levin	2	1	0	0	2	0	2	4	2	1	0	1	1	1	6	1	18	4	4	0	0	1	3	2	2	8
Levin	1	2	0	0	1	0	3	8	2	1	1	0	1	1	10	1	23	1	0	0	0	2	3	0	5	15
Levin	2	0	1	0	0	0	1	2	3	1	1	0	1	1	5	0	10	2	0	0	0	1	1	0	2	5
Levin	2	0	0	0	1	0	0	2	0	0	0	0	0	0	2	0	4	2	0	0	0	1	2	0	0	2
Levin	2	0	0	0	0	0	1	2	0	0	0	0	0	0	2	0	4	2	0	0	0	0	1	0	0	2
Levin	2	0	0	0	0	0	0	0	3	0	3	0	3	0	3	1	6	1	0	0	0	1	1	2	0	4
Levin	1	0	0	0	2	0	0	0	2	0	2	0	2	0	2	1	3	0	0	0	0	1	1	1	0	2
Levin	1	0	0	0	1	0	1	2	5	3	2	0	2	3	7	2	15	2	1	0	0	0	1	3	2	9
Levin	1	0	0	0	0	0	1	1	0	0	0	0	0	0	1	0	2	1	0	0	0	0	1	0	0	0
Levin	1	1	0	0	0	0	1	0	1	1	0	0	0	1	1	0	3	0	0	0	0	0	0	0	1	2
Levin	1	0	0	0	0	0	1	2	2	2	0	0	0	2	4	0	7	2	0	0	0	1	0	0	1	2
Levin	2	1	0	0	0	0	1	4	3	2	1	0	1	2	7	0	15	2	0	0	0	1	2	0	4	7
Levin	1	1	0	0	0	0	0	0	0	0	0	0	0	0	0	0	2	1	0	0	0	0	0	0	0	0
Levin	1	1	0	0	0	0	1	1	0	0	0	0	0	0	1	1	6	1	0	0	0	0	0	0	0	2
Levin	2	0	0	0	1	0	0	0	1	1	0	0	1	0	1	0	2	0	0	0	0	1	1	0	1	1
Levin	1	1	0	0	0	0	0	2	1	0	1	0	1	0	3	3	11	1	0	0	0	2	2	0	1	4
Levin	1	0	0	0	0	0	0	0	0	0	0	0	0	0	0	0	1	0	0	0	0	0	1	0	1	1
Levin	2	1	1	2	0	0	0	3	4	0	3	0	3	0	7	1	16	3	0	0	0	1	2	2	2	10
Levin	2	0	1	0	2	0	0	2	3	0	1	1	1	1	5	2	11	1	1	0	0	1	0	0	2	6
Levin	2	0	0	0	1	0	0	0	2	0	1	1	1	1	2	0	3	0	0	0	0	0	0	0	1	3
Levin	0	0	0	0	1	0	0	0	0	0	0	0	0	0	0	2	2	0	1	0	0	0	0	0	0	0
Levin	3	1	1	0	2	1	0	2	6	0	3	2	3	2	8	1	21	2	0	0	0	1	8	0	4	13
Levin	3	0	0	0	1	0	1	2	1	0	1	0	1	0	3	0	6	0	1	0	0	0	1	1	2	6
Levin	2	1	0	0	0	0	1	1	0	0	0	0	0	0	1	0	6	1	0	0	0	0	2	0	1	4
Levin	3	1	0	0	0	0	1	1	0	0	0	0	0	0	1	0	6	2	0	0	0	1	0	0	1	3
Levin	3	0	1	2	0	0	0	1	5	0	2	2	2	2	6	0	12	2	0	0	0	1	3	1	3	8
Levin	2	1	1	0	0	0	3	0	4	0	3	0	3	0	4	0	10	1	0	0	0	1	1	0	3	6
Levin	2	0	1	0	0	0	1	0	1	0	0	0	0	0	1	0	3	1	0	0	0	0	1	0	0	0
Levin	2	0	0	0	1	0	0	0	2	1	1	0	2	0	2	2	8	3	0	0	0	0	0	0	0	2
Levin	2	0	0	0	1	0	0	0	1	0	1	0	1	0	1	0	2	0	0	0	0	0	0	0	1	2
Levin	2	0	0	0	0	0	1	1	1	0	1	0	0	0	2	1	6	3	0	0	1	1	1	0	1	1
Levin	2	1	0	0	0	0	3	4	1	1	0	0	0	1	5	0	11	2	0	0	0	0	0	0	0	6
Levin	2	1	0	0	0	0	0	0	0	0	0	0	0	0	0	1	4	0	0	0	0	0	1	0	1	2
Levin	2	0	0	0	0	0	0	0	2	0	2	0	1	0	2	1	6	1	0	0	0	0	1	1	1	3
Levin	2	0	0	0	0	0	0	3	2	1	1	0	1	1	5	0	7	1	0	0	0	0	0	0	1	4
Levin	2	1	2	0	1	0	1	2	3	1	0	0	0	1	5	1	11	1	0	0	0	0	3	0	3	5
Levin	2	0	0	0	0	0	0	0	1	1	0	0	0	1	1	0	3	1	0	0	0	1	1	0	1	2
Levin	2	0	0	0	0	0	0	1	0	0	0	0	0	0	1	0	1	0	0	0	0	0	0	0	0	0
Levin	2	0	0	0	0	0	1	0	0	0	0	0	0	0	0	0	0	0	0	0	0	0	0	0	0	0
Levin	2	1	0	1	0	0	0	1	1	0	1	0	1	0	2	1	8	1	0	0	0	0	1	1	2	5
Levin	2	1	0	0	0	0	1	1	0	0	0	0	0	0	1	0	4	0	0	0	0	1	0	0	0	1
Levin	2	2	0	1	2	0	0	5	5	0	5	0	4	0	10	0	25	4	0	0	0	2	5	2	6	17
Levin	2	0	1	1	0	0	1	1	1	0	0	0	0	0	2	1	6	1	0	0	0	0	1	1	1	3
Levin	3	0	0	0	2	0	1	0	1	0	0	1	0	1	1	0	2	0	1	0	0	0	1	0	0	2
Levin	3	0	0	0	2	0	1	0	1	0	0	1	0	1	1	0	2	0	1	0	0	0	1	0	0	2
Levin	2	0	0	0	1	0	2	0	2	0	1	1	1	1	2	0	6	0	2	0	0	1	0	0	1	4
Levin	1	0	0	0	3	0	1	1	1	0	1	0	1	0	2	2	5	0	3	0	0	0	0	0	0	3
Levin	1	2	1	0	2	0	1	3	3	0	1	1	1	1	6	1	15	4	0	0	0	0	3	0	0	6
Levin	1	0	0	0	0	0	0	1	1	0	1	0	0	0	2	0	3	0	0	0	0	0	1	0	1	1
Levin	2	0	0	2	0	0	0	1	1	0	1	0	1	0	2	0	3	0	0	0	1	0	0	0	0	3
Levin	2	0	0	0	1	0	1	1	0	0	0	0	0	0	1	0	3	0	0	0	0	0	1	0	1	1
Levin	2	0	0	0	0	0	1	1	1	1	0	0	0	1	2	0	2	0	0	0	0	0	0	0	0	2
Levin	2	1	0	0	0	0	3	3	1	1	0	0	0	1	4	0	7	0	0	0	2	0	2	0	2	4
Levin	2	0	0	1	1	0	1	3	1	0	1	0	0	0	4	1	7	1	1	0	0	1	1	0	1	4
Levin	1	0	1	1	0	0	0	0	1	0	0	0	0	0	1	1	3	1	0	0	0	0	0	0	0	0
Levin	2	0	2	0	2	0	1	1	7	3	2	0	4	1	8	1	14	1	1	0	0	1	1	0	1	9
Levin	2	0	0	0	2	0	0	0	1	0	1	0	1	0	1	0	1	0	0	0	0	0	0	0	0	1
Levin	2	1	0	0	0	0	1	1	0	0	0	0	0	0	1	0	4	1	0	0	1	1	0	0	1	2
Levin	2	0	0	0	3	0	0	0	2	0	2	0	2	0	2	1	6	1	2	0	0	0	0	0	0	2
Levin	2	0	1	0	0	0	2	1	4	2	1	0	3	0	5	0	13	3	0	0	0	1	1	0	1	7
Levin	1	0	0	0	0	0	2	1	2	1	1	0	1	0	3	0	5	2	0	0	0	1	0	0	0	2
Levin	2	0	0	0	1	0	0	0	3	0	3	0	3	0	3	0	4	1	2	0	0	0	0	0	0	3
Levin	2	0	0	0	0	0	1	0	1	1	0	0	1	0	1	0	3	1	0	0	0	0	0	0	0	2
Levin	2	0	1	0	0	0	0	0	1	0	0	0	0	0	1	0	3	0	0	0	0	0	1	0	1	1
Levin	2	0	0	0	0	0	0	1	1	0	1	0	1	0	2	0	3	0	0	0	0	0	0	0	1	3
Levin	2	0	1	0	0	0	1	1	2	0	1	0	1	0	3	1	7	2	0	0	0	0	1	0	0	3
Levin	2	1	2	0	1	0	1	2	3	0	1	0	1	0	5	3	18	4	1	0	0	0	2	0	3	8
Levin	2	0	2	0	4	0	2	5	7	4	1	0	1	4	12	1	18	1	0	0	0	1	2	0	2	11
Levin	2	0	0	1	0	0	0	1	1	0	1	0	1	0	2	0	5	1	0	0	0	1	1	1	1	4
Levin	2	1	0	1	1	0	0	1	2	0	2	0	2	0	3	1	8	0	0	0	0	0	0	1	0	5
Levin	2	0	0	1	2	0	0	3	4	0	4	0	4	0	7	2	19	2	1	0	0	3	4	1	2	13
Levin	2	1	1	0	0	0	4	3	4	0	3	0	3	0	7	1	14	2	0	0	0	1	1	0	3	9
Levin	3	0	0	0	2	0	0	0	1	1	0	0	0	1	1	0	3	0	2	0	0	0	0	0	0	1
Levin	2	0	0	0	0	0	1	0	1	1	0	0	1	0	1	0	2	0	0	0	0	2	0	0	0	0
Levin	2	0	0	0	2	0	1	0	1	1	0	0	1	0	1	0	4	1	1	0	0	2	0	0	0	0
Levin	2	1	1	0	2	0	0	1	3	0	2	0	2	0	4	1	12	3	0	0	0	1	2	0	2	5
Levin	2	0	0	0	0	0	0	2	0	0	0	0	0	0	2	0	4	0	0	0	0	0	1	0	1	2
Levin	2	1	0	0	1	0	0	1	0	0	0	0	0	0	1	0	4	2	0	0	0	2	0	0	0	0
Levin	2	1	1	0	0	0	0	0	3	0	2	0	2	0	3	0	7	1	0	0	0	0	1	0	0	4
Levin	2	0	0	0	0	0	0	3	1	0	1	0	1	0	4	0	7	2	0	0	0	0	0	0	1	5
Levin	2	0	1	1	0	0	0	2	2	0	1	0	1	0	4	0	6	1	1	0	0	0	1	0	1	4
Levin	2	0	0	0	0	0	1	1	1	1	0	0	1	0	2	0	3	0	0	0	0	1	0	0	1	2
Levin	2	0	0	0	0	0	1	2	1	0	1	0	1	0	3	0	4	1	0	0	0	0	0	0	0	3
Levin	2	0	0	0	0	0	2	2	1	0	1	0	0	0	3	0	6	1	0	0	0	0	1	0	2	4
Levin	2	1	0	0	1	0	2	1	3	2	1	0	3	0	4	0	8	1	0	0	0	1	0	0	1	4
Levin	2	2	0	0	3	0	2	3	2	0	2	0	2	0	5	1	17	3	1	0	0	0	4	1	4	7
Levin	2	1	0	0	2	0	1	1	2	0	2	0	2	0	3	1	8	1	1	0	0	1	2	1	1	5
Levin	0	0	0	0	0	0	0	0	0	0	0	0	0	0	0	0	1	1	0	0	0	0	0	0	0	0
Levin	1	0	1	0	1	0	0	0	1	0	0	0	0	0	1	0	4	3	0	0	0	2	1	0	0	0
Levin	1	1	0	0	0	0	1	1	1	0	1	0	1	0	2	0	4	0	0	0	0	0	0	0	1	3
Levin	2	0	0	1	0	0	0	1	1	0	1	0	1	0	2	1	8	0	0	0	0	1	2	1	2	6
Levin	2	1	1	0	0	0	1	0	2	0	1	0	1	0	2	0	7	0	0	0	0	0	1	1	2	5
Levin	2	0	1	0	0	0	0	0	1	0	0	0	0	0	1	0	2	1	0	0	0	0	0	0	0	0
Levin	2	0	0	0	0	0	0	2	1	0	1	0	1	0	3	0	5	1	0	0	0	0	0	0	1	3
Levin	2	0	0	0	0	0	0	2	1	0	1	0	1	0	3	0	6	2	0	0	0	1	2	0	1	4
Levin	2	1	0	1	0	0	0	1	0	0	0	0	0	0	1	0	3	1	0	0	0	0	0	0	0	1
Levin	2	1	0	0	0	0	1	1	0	0	0	0	0	0	1	0	4	0	0	0	0	1	0	0	1	2
Levin	3	0	2	0	0	1	1	3	2	0	0	0	0	0	5	0	9	1	0	0	0	0	2	0	2	6
Levin	2	1	0	0	2	0	4	4	4	0	4	0	4	0	8	6	22	4	2	0	0	4	7	1	0	9
Levin	2	0	0	0	1	0	0	2	3	1	2	0	3	0	5	1	12	1	0	0	0	1	4	0	2	8
Levin	2	0	1	0	0	0	1	1	2	0	1	0	1	0	3	1	6	1	0	0	0	1	2	0	1	2
Levin	2	0	0	0	0	0	1	0	1	0	1	0	1	0	1	0	2	0	0	0	0	1	1	0	1	2
Levin	2	1	0	0	1	0	0	0	1	0	1	0	1	0	1	1	5	1	0	0	0	0	1	0	1	2
Levin	2	0	0	0	0	0	1	1	0	0	0	0	0	0	1	1	4	0	0	0	0	0	1	0	1	3
Levin	2	0	1	0	0	0	0	1	3	0	2	0	2	0	4	0	8	1	0	0	0	1	3	0	2	5
Levin	0	0	0	0	0	0	1	1	0	0	0	0	0	0	1	0	2	1	0	0	0	0	0	0	0	1
Levin	2	0	0	1	0	0	0	0	1	0	1	0	1	0	1	0	3	0	0	0	0	1	1	2	1	3
Levin	2	1	0	0	1	0	0	1	3	0	3	0	3	0	4	1	11	1	0	0	0	0	2	2	2	8
Levin	2	0	0	0	1	0	0	1	1	0	1	0	1	0	2	1	5	2	0	0	0	0	0	0	0	1
Levin	2	1	0	0	0	0	0	2	1	0	1	0	0	0	3	1	8	1	0	0	0	0	0	0	1	3
Levin	2	0	0	0	0	0	1	0	0	0	0	0	0	0	0	0	1	1	0	0	0	1	0	0	0	0
Levin	2	0	2	0	2	0	1	2	2	0	0	0	0	0	4	1	6	1	2	0	0	0	1	0	0	2
Levin	2	0	0	0	0	0	0	2	2	0	2	0	2	0	4	0	8	0	0	0	0	0	3	1	2	8
Levin	2	0	1	0	0	0	0	0	1	0	0	0	0	0	1	0	1	0	0	0	0	0	1	0	0	0
Levin	2	0	1	0	0	0	1	2	2	0	1	0	1	0	4	0	7	2	0	0	0	1	0	0	1	3
Levin	2	0	0	0	0	0	0	0	1	0	1	0	1	0	1	0	4	0	0	0	0	1	1	1	1	3
Levin	2	0	0	0	1	0	1	2	0	0	0	0	0	0	2	0	4	1	1	0	0	0	0	0	1	3
Levin	1	2	0	1	2	0	0	0	3	0	0	3	0	3	3	0	9	0	3	0	0	1	2	0	0	7
Levin	2	1	0	0	2	0	0	1	2	0	2	0	2	0	3	1	8	2	0	0	0	0	0	0	1	4
Levin	2	0	0	1	0	0	0	3	2	0	1	1	1	1	5	0	9	1	0	0	0	0	2	2	1	8
Levin	2	0	0	0	0	0	0	0	0	0	0	0	0	0	0	0	1	1	0	0	0	1	0	0	0	0
Levin	2	0	0	0	1	0	0	1	1	0	1	0	1	0	2	1	5	1	0	0	0	1	1	1	1	3
Levin	2	1	0	0	0	0	0	1	1	0	1	0	1	0	2	0	4	0	0	0	0	0	1	0	0	3
Levin	2	0	0	1	0	0	0	5	0	0	0	0	0	0	5	0	9	1	0	0	0	1	0	1	1	6
Levin	2	0	0	0	1	0	2	2	4	0	2	2	2	2	6	0	15	3	1	0	0	0	1	2	3	10
Levin	2	0	2	0	0	0	2	2	3	0	1	0	1	0	5	0	10	2	0	0	0	1	2	1	3	4
Levin	2	0	0	0	0	0	1	1	1	0	1	0	1	0	2	0	3	0	0	0	0	0	0	0	2	2
Levin	2	0	0	0	1	0	0	2	2	0	1	1	1	1	4	0	7	0	1	0	0	0	1	1	2	6
Levin	2	1	0	0	0	0	1	1	3	0	2	1	2	1	4	0	8	0	0	0	0	0	2	1	2	6
Levin	2	1	0	0	0	0	0	3	0	0	0	0	0	0	3	0	5	0	0	0	0	0	1	0	1	2
Levin	1	0	0	0	0	0	0	1	0	0	0	0	0	0	1	1	3	1	0	0	0	2	1	0	0	0
Levin	2	1	0	0	1	0	0	1	1	0	1	0	0	0	2	0	5	2	0	0	0	2	0	0	0	0
Levin	1	0	1	0	1	0	1	0	2	1	0	0	1	0	2	0	3	0	0	0	0	0	1	0	0	2
Levin	2	0	0	0	1	0	0	0	1	0	1	0	1	0	1	0	3	0	1	0	0	0	1	1	1	3
Levin	2	0	0	0	1	0	1	0	2	0	2	0	2	0	2	0	8	2	1	0	0	0	1	1	2	6
Levin	2	0	0	0	3	0	1	2	2	1	1	0	1	1	4	3	19	6	0	0	0	2	4	0	2	8
Levin	2	0	0	0	0	0	1	1	2	0	2	0	2	0	3	0	7	1	0	0	0	1	2	0	2	5
Levin	2	0	0	0	0	0	0	0	1	0	1	0	1	0	1	0	3	1	0	0	0	0	1	0	1	2
Levin	2	0	1	0	0	0	2	2	3	0	2	0	1	0	5	0	11	1	0	0	0	1	3	1	3	4
Levin	2	0	2	0	1	0	2	3	5	0	3	0	3	0	8	1	20	2	0	0	0	1	5	0	5	11
Levin	2	0	0	0	1	0	0	0	1	0	1	0	0	0	1	1	6	1	1	0	0	1	1	0	1	2
Levin	2	2	0	0	2	0	2	1	2	1	1	0	2	0	3	0	10	0	0	0	0	1	2	0	2	8
Levin	2	1	1	0	1	0	1	0	2	0	1	0	1	0	2	1	7	1	0	0	0	2	2	0	1	2
Levin	2	0	0	0	0	0	2	2	3	1	1	1	2	1	5	0	12	1	0	0	0	0	2	0	3	9
Levin	2	0	1	0	0	0	2	1	7	0	4	2	4	2	8	2	17	3	0	0	0	2	3	0	3	8
Levin	2	0	0	0	0	0	0	0	1	0	1	0	1	0	1	0	3	1	0	0	0	0	1	0	1	2
Levin	2	1	0	0	1	0	1	0	0	0	0	0	0	0	0	1	3	1	0	0	0	1	0	0	0	0
Levin	2	0	2	0	3	0	1	0	4	0	2	0	2	0	4	2	9	1	3	0	0	2	4	0	2	4
Levin	2	0	0	0	1	0	0	2	0	0	0	0	0	0	2	0	3	0	0	0	0	0	1	0	1	2
Levin	2	0	0	0	0	0	0	0	1	0	1	0	1	0	1	0	2	0	0	0	0	0	1	0	1	2
Levin	2	1	1	0	0	0	0	0	1	0	0	0	0	0	1	0	4	1	0	0	0	0	1	0	0	0
Levin	2	0	0	0	1	0	1	1	2	0	2	0	2	0	3	1	7	0	0	0	0	0	3	0	2	6
Levin	3	0	0	0	0	0	1	0	2	0	2	0	2	0	2	1	4	1	0	0	0	0	0	1	0	2
Levin	3	0	0	1	1	0	1	0	2	1	1	0	2	0	2	0	6	0	1	0	0	0	1	3	1	5
Levin	2	0	0	0	0	0	0	0	3	2	1	0	3	0	3	2	7	2	0	0	0	1	1	2	0	1
Levin	2	1	0	0	1	0	0	2	3	1	2	0	3	0	5	1	11	1	1	0	0	1	4	1	1	7
Levin	2	0	0	1	1	0	0	1	3	1	2	0	3	0	4	0	6	0	1	0	0	0	1	1	1	5
Levin	3	0	1	0	1	0	2	1	1	0	0	0	0	0	2	0	4	2	0	0	0	0	0	0	0	1
Levin	2	0	0	0	0	0	2	3	3	1	2	0	3	0	6	1	13	3	0	0	0	0	0	0	1	9
Levin	2	0	0	0	1	0	1	2	1	1	0	0	1	0	3	0	6	0	0	0	0	1	2	1	2	6
Levin	0	0	0	0	0	0	0	1	0	0	0	0	0	0	1	1	2	0	0	0	0	0	0	0	0	1
Levin	2	0	1	0	0	0	3	2	5	2	2	0	4	0	7	0	19	5	0	0	0	2	4	0	2	10
Levin	2	1	0	0	0	0	1	1	2	1	1	0	2	0	3	0	6	1	0	0	0	1	1	0	0	4
Levin	3	0	1	1	0	0	0	0	2	0	1	0	1	0	2	0	5	0	0	0	0	0	1	2	1	4
Levin	2	3	0	0	0	0	1	1	1	0	1	0	1	0	2	0	9	2	0	0	0	0	2	0	2	3
Levin	2	0	1	0	0	0	1	2	2	0	1	0	1	0	4	0	7	1	0	0	0	1	3	0	3	5
Levin	2	0	0	0	2	0	0	0	2	2	0	0	1	1	2	1	4	0	2	0	0	0	1	0	1	3
Levin	2	0	0	0	1	0	0	1	3	3	0	0	1	2	4	2	12	2	0	0	0	0	1	1	3	7
Levin	2	2	0	0	1	0	1	2	2	0	2	0	2	0	4	0	11	3	1	0	0	3	1	0	0	5
Levin	0	0	0	0	0	0	1	0	0	0	0	0	0	0	0	0	0	0	0	0	0	0	0	0	0	0
Levin	0	0	0	0	1	0	2	0	1	0	1	0	1	0	1	0	2	0	0	0	0	0	0	0	0	1
Levin	0	0	0	0	1	0	2	0	1	0	1	0	1	0	1	0	2	0	0	0	0	0	0	0	0	1
Levin	0	0	0	0	0	0	2	0	1	0	1	0	1	0	1	0	1	0	0	0	0	0	0	0	0	1
Levin	0	0	0	0	1	0	2	0	1	0	1	0	1	0	1	0	1	0	0	0	0	0	0	0	0	1
Levin	0	0	0	0	1	0	2	0	1	0	1	0	1	0	1	1	2	0	0	0	0	0	0	0	0	1
McCain	0	0	0	0	3	0	1	0	1	0	1	0	1	0	1	0	4	1	3	0	0	0	0	0	0	2
McCain	1	1	4	1	0	0	0	2	5	0	1	0	1	0	7	0	15	4	0	0	0	1	2	1	0	6
McCain	1	0	2	1	0	0	0	0	3	0	1	0	0	0	3	1	8	2	0	0	0	0	2	0	1	2
McCain	1	0	0	0	1	0	0	0	1	0	1	0	1	0	1	1	2	0	1	0	0	0	0	0	0	1
McCain	1	0	0	1	0	0	0	0	0	0	0	0	0	0	0	1	2	2	0	0	0	1	0	0	0	0
McCain	1	0	0	1	0	0	0	1	2	0	2	0	2	0	3	1	6	0	0	0	0	0	1	1	0	4
McCain	1	0	0	0	0	0	0	0	2	0	2	0	2	0	2	1	5	0	1	0	0	1	3	1	1	4
McCain	1	0	0	0	0	0	1	0	0	0	0	0	0	0	0	0	0	0	0	0	0	0	0	0	0	0
McCain	1	0	1	0	2	0	0	1	2	0	1	0	1	0	3	2	7	1	0	0	0	0	2	1	0	3
McCain	1	0	0	0	2	0	1	0	4	2	2	0	4	0	4	0	5	0	1	0	0	2	1	1	0	4
McCain	1	0	0	0	2	0	0	1	0	0	0	0	0	0	1	1	5	2	1	0	0	2	1	0	1	2
McCain	0	0	0	1	0	0	0	1	0	0	0	0	0	0	1	0	2	0	0	0	0	0	1	0	2	2
McCain	0	0	0	1	0	0	0	0	0	0	0	0	0	0	0	0	0	0	0	0	0	0	0	0	0	0
McCain	0	0	0	1	0	0	0	0	1	0	1	0	0	0	1	1	3	0	0	0	0	0	1	0	0	1
McCain	0	0	0	0	1	0	1	0	0	0	0	0	0	0	0	0	1	1	2	0	0	0	0	0	0	0
McCain	1	0	0	0	3	0	1	1	4	0	4	0	2	0	5	3	14	1	2	0	0	1	0	0	2	5
McCain	1	0	0	1	0	0	0	1	1	0	1	0	1	0	2	0	5	0	1	0	0	1	0	0	1	3
McCain	1	0	1	1	1	0	0	0	2	0	1	0	1	0	2	1	6	0	0	0	0	0	1	0	1	4
McCain	1	0	2	0	0	0	2	1	6	1	0	3	1	3	7	0	12	0	0	0	0	1	0	0	4	10
McCain	0	0	2	0	0	0	1	0	2	0	0	0	0	0	2	0	3	1	0	0	0	0	0	0	0	0
McCain	1	0	1	1	1	0	0	0	2	0	0	1	0	1	2	0	4	0	0	0	0	0	0	0	1	3
McCain	1	0	0	0	1	0	1	0	0	0	0	0	0	0	0	1	4	0	3	0	0	1	1	0	1	2
McCain	1	0	1	0	3	0	0	0	1	0	0	0	0	0	1	1	7	1	1	0	0	2	0	0	2	2
McCain	2	0	1	0	2	0	0	0	2	0	0	1	0	1	2	0	5	3	0	0	0	2	0	0	0	1
McCain	0	1	0	0	2	0	0	1	1	0	1	0	1	0	2	1	7	1	0	0	0	0	1	0	0	4
McCain	0	0	1	0	0	0	1	0	2	1	0	0	0	1	2	0	5	1	0	0	0	1	2	1	1	3
McCain	0	0	0	0	1	0	1	0	3	3	0	0	0	3	3	2	7	2	0	0	0	1	1	0	0	3
McCain	1	1	0	1	0	0	1	2	3	0	3	0	2	0	5	1	10	1	0	0	0	0	1	0	1	6
McCain	0	0	0	0	1	0	0	0	0	0	0	0	0	0	0	0	0	0	1	0	0	0	0	0	0	0
McCain	2	0	0	1	0	0	0	0	1	0	1	0	1	0	1	1	4	2	0	0	0	1	1	0	0	1
McCain	0	0	0	0	1	0	0	0	1	0	1	0	1	0	1	0	1	0	0	0	0	0	0	0	0	1
McCain	1	1	0	0	2	0	1	1	2	1	1	0	2	0	3	1	12	2	1	0	0	2	1	0	2	8
McCain	0	0	0	0	0	0	0	0	1	1	0	0	0	1	1	0	1	0	0	0	0	0	0	0	0	1
McCain	1	0	2	0	6	0	1	1	5	1	1	1	2	1	6	1	18	7	1	0	0	1	4	0	3	6
McCain	0	0	2	0	0	0	1	1	2	0	0	0	0	0	3	1	7	1	0	0	0	0	2	0	1	3
McCain	1	0	0	0	0	0	0	0	0	0	0	0	0	0	0	0	1	1	0	0	0	0	0	0	0	0
McCain	1	0	0	0	0	0	1	0	0	0	0	0	0	0	0	1	2	0	0	0	0	0	1	0	0	1
McCain	0	0	0	0	0	0	0	0	0	0	0	0	0	0	0	1	1	0	0	0	0	0	0	0	0	0
McCain	1	0	0	0	1	0	0	0	1	0	1	0	1	0	1	0	2	1	2	0	0	0	0	0	0	1
McCain	1	0	2	0	0	0	1	1	2	0	0	0	0	0	3	1	7	1	0	0	0	0	2	0	2	3
McCain	1	4	1	1	5	0	1	3	4	0	3	0	3	0	7	0	22	3	6	0	0	4	0	1	2	13
McCain	1	0	0	0	0	0	2	0	4	1	2	1	3	1	4	0	10	2	0	0	0	2	1	0	1	6
McCain	1	0	0	0	2	0	1	1	0	0	0	0	0	0	1	0	3	1	1	0	0	0	0	0	0	1
McCain	1	0	2	0	1	0	0	1	2	0	0	0	0	0	3	0	4	0	0	0	0	0	1	0	0	2
McCain	1	0	3	0	4	0	0	1	4	0	1	0	1	0	5	0	7	1	1	0	0	0	1	0	0	3
McCain	1	0	1	0	2	0	0	2	1	0	0	0	0	0	3	1	5	1	1	0	0	0	1	0	0	2
McCain	1	0	1	0	2	0	0	1	1	0	0	0	0	0	2	2	9	1	2	0	0	0	2	0	2	4
McCain	1	1	0	1	0	0	1	0	3	1	2	0	3	0	3	0	12	1	1	0	0	2	0	0	1	8
McCain	1	0	0	1	2	0	0	0	0	0	0	0	0	0	0	1	4	0	2	0	0	1	1	0	0	2
McCain	2	0	0	0	1	0	0	1	1	1	0	0	1	0	2	2	6	0	0	0	0	0	3	1	2	4
McCain	1	1	0	0	0	0	0	0	0	0	0	0	0	0	0	0	2	1	0	0	0	2	0	0	0	0
McCain	2	0	0	0	0	0	2	2	1	0	0	1	0	1	3	0	9	1	0	0	0	1	2	2	2	8
McCain	0	0	0	0	0	0	1	0	0	0	0	0	0	0	0	0	0	0	1	0	0	0	0	0	0	0
McCain	1	1	0	0	0	0	2	0	4	2	2	0	4	0	4	1	11	1	0	0	0	0	1	0	2	7
McCain	1	0	1	0	1	0	0	3	1	0	0	0	0	0	4	2	11	3	2	0	0	2	2	0	0	2
McCain	1	0	0	1	0	0	0	1	1	0	1	1	0	1	2	0	4	1	0	0	0	0	1	0	1	2
McCain	1	0	1	0	2	0	1	0	4	1	2	0	3	0	4	0	6	1	1	0	0	1	1	0	0	4
McCain	0	0	0	2	0	0	0	1	1	0	0	1	0	1	2	0	4	2	0	0	0	1	0	0	0	1
McCain	0	0	0	0	1	0	0	0	0	0	0	0	0	0	0	0	0	0	2	0	0	0	0	0	0	0
McCain	1	0	3	0	2	0	0	0	3	0	0	0	0	0	3	1	8	3	1	0	0	2	0	0	0	0
McCain	1	1	0	0	1	0	0	1	0	0	0	0	0	0	1	0	3	0	1	0	0	0	1	0	1	2
McCain	1	0	0	1	0	0	0	0	0	0	0	0	0	0	0	0	0	0	0	0	0	0	0	0	0	0
McCain	0	1	0	0	0	0	1	0	0	0	0	0	0	0	0	0	1	0	0	0	0	0	0	0	0	0
McCain	0	0	0	0	1	0	1	0	0	0	0	0	0	0	0	0	0	0	0	0	0	0	0	0	0	0
McCain	0	1	0	0	3	0	0	1	1	0	1	0	1	0	2	0	8	2	2	0	0	0	3	1	1	3
McCain	0	0	0	0	1	0	0	0	0	0	0	0	0	0	0	0	0	0	2	0	0	0	0	0	0	0
McCain	0	0	1	0	1	0	1	1	3	0	2	0	2	0	4	0	12	2	0	0	0	3	3	1	2	7
McCain	0	0	0	1	0	0	1	1	0	0	0	0	0	0	1	0	2	0	0	0	0	0	1	0	2	2
McCain	1	0	0	0	0	0	0	1	0	0	0	0	0	0	1	1	4	1	0	0	0	0	1	0	0	2
McCain	1	0	1	0	0	0	0	0	1	0	0	0	0	0	1	1	6	3	0	0	0	0	0	0	1	1
McCain	1	2	1	1	0	0	0	0	1	0	0	0	0	0	1	0	5	2	0	0	0	1	0	0	0	0
McCain	0	0	2	0	0	0	0	1	2	0	0	0	0	0	3	0	7	2	0	0	0	1	0	0	1	3
McCain	0	0	0	0	2	0	0	0	0	0	0	0	0	0	0	1	1	0	2	0	0	1	1	0	0	0
McCain	0	0	0	0	1	0	0	0	0	0	0	0	0	0	0	0	0	0	1	0	0	0	0	0	0	0
McCain	0	0	1	0	0	0	0	1	1	0	0	0	0	0	2	0	4	0	0	0	0	0	2	0	0	3
McCain	1	2	0	1	0	0	1	2	0	0	0	0	0	0	2	0	6	0	0	0	0	0	2	0	2	4
McCain	1	0	0	1	0	0	0	1	0	0	0	0	0	0	1	0	4	0	0	0	0	0	1	1	0	4
McCain	0	0	3	0	3	0	0	1	3	0	0	0	0	0	4	0	4	0	2	0	0	0	0	0	0	1
McCain	0	0	0	0	0	0	0	0	0	0	0	0	0	0	0	1	1	0	0	0	0	0	1	0	0	0
McCain	0	0	1	0	0	0	0	1	2	1	0	0	0	1	3	0	4	0	0	0	0	1	0	0	1	3
McCain	0	0	0	0	1	0	1	1	0	0	0	0	0	0	1	0	4	0	1	0	0	0	3	1	2	4
McCain	2	0	1	1	2	0	0	0	4	0	3	0	3	0	4	2	11	0	1	0	0	1	4	3	1	7
McCain	2	0	2	0	1	0	0	0	2	0	0	0	0	0	2	0	2	0	1	0	0	0	0	0	0	0
McCain	2	0	0	0	0	0	1	0	1	0	0	1	0	1	1	2	6	0	0	0	0	1	4	1	0	4
McCain	0	0	1	0	1	0	0	0	1	0	0	0	0	0	1	0	1	0	1	0	0	0	0	0	0	0
McCain	0	0	1	0	0	0	0	0	1	0	0	0	0	0	1	1	2	0	1	0	0	0	0	0	0	0
McCain	1	1	0	0	0	0	0	0	0	0	0	0	0	0	0	0	5	2	1	0	0	2	1	0	1	2
McCain	1	0	1	1	0	0	0	0	1	0	0	0	0	0	1	1	2	0	0	0	0	0	0	0	0	0
McCain	1	0	0	0	1	0	0	0	0	0	0	0	0	0	0	0	1	0	1	0	0	0	0	0	0	0
McCain	1	0	1	0	0	0	0	0	1	0	0	0	0	0	1	0	1	0	0	0	0	0	0	0	0	0
McCain	1	0	1	1	1	0	0	0	1	0	0	0	0	0	1	0	1	0	0	0	0	0	0	0	0	0
McCain	1	0	1	0	0	0	0	2	1	0	0	0	0	0	3	1	5	0	0	0	0	0	1	0	1	3
McCain	1	0	0	0	0	0	0	0	0	0	0	0	0	0	0	0	2	0	0	0	0	0	2	0	0	2
McCain	1	2	0	0	0	0	1	1	0	0	0	0	0	0	1	0	4	0	1	0	0	0	1	0	0	2
McCain	1	0	0	0	1	0	0	0	0	0	0	0	0	0	0	0	1	0	1	0	0	0	0	0	0	0
McCain	1	1	0	0	1	0	0	2	0	0	0	0	0	0	2	0	5	1	1	0	0	2	1	0	1	1
McCain	1	0	0	0	1	0	2	0	0	0	0	0	0	0	0	0	0	0	1	0	0	1	0	0	0	0
McCain	1	1	0	0	0	0	0	0	0	0	0	0	0	0	0	1	5	1	0	0	0	2	1	1	1	2
McCain	1	0	0	0	1	0	0	1	0	0	0	0	0	0	1	0	1	0	0	0	0	0	0	0	0	1
McCain	1	0	0	0	0	0	0	0	1	0	0	1	0	1	1	1	3	0	0	0	0	0	1	0	0	2
McCain	1	0	0	0	2	0	0	2	2	0	0	2	0	2	4	0	9	2	0	0	0	1	1	0	1	3
McCain	0	0	0	0	0	0	0	0	0	0	0	0	0	0	0	1	1	0	0	0	0	0	0	0	0	0
McCain	1	0	0	0	0	0	0	1	1	0	0	1	0	1	2	0	2	0	0	0	0	0	0	0	0	2
McCain	1	0	0	0	1	0	0	0	1	0	1	0	0	0	1	0	1	0	0	0	0	0	0	0	0	0
McCain	1	0	0	0	1	0	0	2	0	0	0	0	0	0	2	1	3	0	0	0	0	0	2	0	0	0
McCain	1	0	1	0	0	0	0	1	1	0	0	0	0	0	2	1	4	1	0	0	0	1	0	0	0	0
McCain	1	1	1	0	0	0	0	0	1	0	0	0	0	0	1	0	4	1	0	0	0	0	1	0	0	1
McCain	1	0	0	0	0	0	0	1	0	0	0	0	0	0	1	0	1	0	0	0	0	0	0	0	0	1
McCain	1	0	0	0	0	0	1	0	0	0	0	0	0	0	0	0	0	0	0	0	0	0	0	0	0	0
McCain	0	0	0	0	0	0	0	0	0	0	0	0	0	0	0	1	1	0	0	0	0	0	0	0	0	0
McCain	1	0	0	0	0	0	1	0	1	0	0	1	0	1	1	0	3	0	0	0	0	0	2	1	1	3
McCain	1	0	0	0	0	0	1	0	1	0	1	0	1	0	1	0	4	0	1	0	0	1	0	1	1	3
McCain	0	0	0	0	0	0	1	0	0	0	0	0	0	0	0	0	0	0	1	0	0	0	0	0	0	0
McCain	2	0	0	0	0	0	0	1	1	1	0	0	1	0	2	0	5	0	0	0	0	0	1	1	2	5
McCain	2	0	1	0	1	0	0	2	1	0	0	0	0	0	3	0	5	1	1	0	0	2	1	0	0	3
McCain	2	0	0	0	0	0	1	2	0	0	0	0	0	0	2	2	5	0	0	0	0	0	0	1	0	1
McCain	0	0	0	0	1	0	1	0	2	1	1	0	2	0	2	0	2	0	0	0	0	0	0	0	0	2
McCaskill	1	0	0	0	3	0	1	0	3	1	2	0	3	0	3	1	9	1	0	0	0	0	0	2	0	6
McCaskill	1	0	0	0	1	0	0	0	0	0	0	0	0	0	0	0	1	1	1	0	0	0	0	0	0	0
McCaskill	1	0	1	0	1	0	0	1	2	0	1	0	0	0	3	0	6	2	0	0	0	0	0	0	0	1
McCaskill	1	0	0	0	0	0	1	0	0	0	0	0	0	0	0	0	1	0	0	0	0	0	1	0	1	1
McCaskill	0	0	1	0	4	0	0	3	2	1	0	0	1	0	5	1	10	1	3	0	0	0	1	0	2	5
McCaskill	1	0	0	0	1	0	0	0	1	1	0	0	0	1	1	0	3	0	1	0	0	0	0	1	0	3
McCaskill	1	0	2	0	1	0	0	0	2	0	0	0	0	0	2	0	4	2	0	0	0	4	0	0	0	0
McCaskill	1	0	0	0	0	0	0	0	1	0	1	0	0	0	1	0	3	2	0	0	0	1	0	0	1	0
McCaskill	1	0	1	0	1	0	1	1	3	2	0	0	1	1	4	0	6	1	0	0	0	0	0	0	1	4
McCaskill	1	0	0	0	0	0	0	0	0	0	0	0	0	0	0	0	1	1	0	0	0	0	0	0	0	0
McCaskill	0	0	0	0	0	0	0	0	0	0	0	0	0	0	0	0	0	0	1	0	0	0	0	0	0	0
McCaskill	1	0	0	0	2	0	0	0	0	0	0	0	0	0	0	0	4	0	2	0	0	0	4	0	2	4
McCaskill	1	0	1	0	0	0	1	2	2	1	0	0	1	0	4	1	9	3	0	0	0	0	0	0	1	4
McCaskill	2	0	0	0	2	0	0	1	1	0	1	0	1	0	2	1	12	4	0	0	0	1	1	1	0	5
McCaskill	1	0	0	0	0	0	0	0	1	1	0	0	0	1	1	1	2	1	0	0	0	0	0	0	0	1
McCaskill	2	0	0	0	0	0	1	0	2	1	1	0	2	0	2	0	4	0	0	0	0	0	0	1	1	4
McCaskill	2	0	0	0	0	0	1	0	2	1	1	0	2	0	2	0	4	0	0	0	0	0	0	1	1	4
McCaskill	0	0	0	0	0	0	1	0	0	0	0	0	0	0	0	0	0	0	1	0	0	0	0	0	0	0
McCaskill	2	0	1	0	3	0	0	3	3	2	0	0	1	1	6	5	15	2	2	0	0	2	1	0	2	7
McCaskill	2	0	0	0	0	0	0	1	1	0	1	0	1	0	2	0	4	1	0	0	0	1	0	0	1	3
McCaskill	2	0	0	0	0	0	0	0	0	0	0	0	0	0	0	0	1	0	0	0	0	0	1	0	1	1
McCaskill	2	0	0	0	0	0	1	0	0	0	0	0	0	0	0	0	2	2	1	0	0	1	0	0	0	0
McCaskill	1	0	0	0	2	0	0	1	0	0	0	0	0	0	1	0	2	1	2	0	0	1	0	0	0	0
McCaskill	1	1	0	0	0	0	0	1	1	0	1	0	1	0	2	0	5	1	0	0	0	1	1	0	1	3
McCaskill	2	0	0	0	1	0	1	1	0	0	0	0	0	0	1	2	9	3	0	0	0	1	2	0	1	3
McCaskill	2	1	0	0	0	0	2	3	2	2	0	0	1	1	5	2	14	6	1	0	0	2	0	2	1	6
McCaskill	0	0	0	0	0	0	1	0	0	0	0	0	0	0	0	0	0	0	1	0	0	0	0	0	0	0
McCaskill	2	1	2	0	2	0	0	4	6	3	1	0	2	2	10	1	21	4	1	0	0	3	2	0	4	12
McCaskill	0	1	0	0	0	0	0	0	0	0	0	0	0	0	0	0	3	1	0	0	0	0	1	0	0	1
McCaskill	1	4	0	0	1	0	1	2	0	0	0	0	0	0	2	1	11	2	1	0	0	1	2	0	1	4
McCaskill	1	0	0	0	0	0	0	0	0	0	0	0	0	0	0	0	1	1	0	0	0	1	0	0	0	0
McCaskill	1	0	0	0	0	0	0	1	1	0	1	0	1	0	2	0	4	0	0	0	0	0	1	1	1	4
McCaskill	2	0	0	0	0	0	0	0	0	0	0	0	0	0	0	1	1	0	0	0	0	0	0	0	0	0
McCaskill	1	0	1	0	3	0	0	0	1	0	0	0	0	0	1	3	5	0	2	0	0	0	0	0	1	1
McCaskill	0	0	0	0	1	0	0	0	0	0	0	0	0	0	0	1	1	0	1	0	0	0	0	0	0	0
McCaskill	2	2	1	0	4	0	0	5	1	0	0	0	0	0	6	2	15	1	4	0	0	2	1	0	4	7
McCaskill	2	0	0	0	1	0	1	0	0	0	0	0	0	0	0	1	2	0	0	0	0	0	1	0	1	1
McCaskill	0	0	0	0	1	0	1	1	0	0	0	0	0	0	1	0	2	1	1	0	0	0	0	0	0	0
McCaskill	0	0	2	0	2	0	0	6	3	0	0	1	0	1	9	0	11	2	4	0	0	1	0	0	0	6
McCaskill	1	0	0	0	1	0	0	0	0	0	0	0	0	0	0	0	3	0	0	0	0	1	0	0	0	1
McCaskill	2	1	0	0	0	0	1	0	0	0	0	0	0	0	0	1	6	4	0	0	0	0	0	0	1	0
McCaskill	2	0	2	0	1	0	1	0	3	0	1	0	0	0	3	1	8	2	1	0	0	1	0	1	0	2
McCaskill	2	0	1	0	0	0	1	1	1	0	0	0	0	0	2	0	4	1	0	0	0	1	0	0	0	1
McCaskill	2	0	0	0	0	0	1	0	1	0	0	1	0	1	1	0	2	0	0	0	0	1	0	0	1	2
McCaskill	1	0	2	0	4	0	2	1	5	3	0	0	0	3	6	2	16	3	2	0	0	4	4	1	0	5
McCaskill	0	0	0	0	0	0	1	1	0	0	0	0	0	0	1	0	2	0	0	0	0	0	0	0	1	2
McCaskill	1	0	1	0	1	0	1	0	2	0	0	1	1	0	2	2	9	5	0	0	0	6	2	0	1	2
McCaskill	2	0	1	0	0	0	0	1	1	0	0	0	0	0	2	0	3	1	0	0	0	1	0	0	0	0
McCaskill	2	0	1	0	0	0	1	0	1	0	0	0	0	0	1	0	4	1	0	0	0	0	1	0	0	1
McCaskill	2	0	0	0	4	0	0	0	0	0	0	0	0	0	0	0	0	0	0	0	0	1	0	0	0	0
McCaskill	2	0	0	0	0	0	1	0	0	0	0	0	0	0	0	0	1	1	0	0	0	1	0	0	0	0
McCaskill	1	1	0	0	4	0	1	0	1	0	0	1	1	0	1	5	12	1	3	0	0	0	1	0	2	5
McCaskill	1	1	0	0	6	0	0	1	2	1	1	0	2	0	3	2	11	1	6	0	0	2	3	1	1	5
McCaskill	0	2	0	0	2	0	0	1	0	0	0	0	0	0	1	1	8	4	1	0	0	1	1	0	0	1
McCaskill	0	1	0	0	1	0	0	0	0	0	0	0	0	0	0	0	2	1	2	0	0	0	0	0	0	0
McCaskill	0	0	0	0	0	0	0	1	0	0	0	0	0	0	1	0	3	2	2	0	0	1	0	0	0	0
McCaskill	0	0	0	0	0	0	1	0	0	0	0	0	0	0	0	0	0	0	0	0	0	0	0	0	0	0
McCaskill	2	0	1	0	2	0	0	5	5	3	1	0	4	0	10	1	15	0	1	0	0	0	5	1	3	10
McCaskill	2	0	0	0	0	0	1	1	1	0	1	0	1	0	2	0	4	1	0	0	0	0	0	0	0	2
McCaskill	2	0	0	0	1	0	0	0	0	0	0	0	0	0	0	0	1	0	1	0	0	0	0	0	0	0
McCaskill	1	0	0	0	2	0	0	3	1	1	0	0	1	0	4	0	4	0	2	0	0	0	0	0	0	4
McCaskill	2	2	0	0	1	0	0	5	0	0	0	0	0	0	5	0	11	1	2	0	0	0	2	0	2	6
McCaskill	2	1	0	0	1	0	0	1	1	0	1	0	1	0	2	0	6	2	1	0	0	1	1	0	1	3
McCaskill	2	0	0	0	0	0	1	1	0	0	0	0	0	0	1	1	6	4	0	0	0	4	3	0	0	0
McCaskill	2	0	0	0	3	0	0	0	2	2	0	0	2	0	2	0	4	0	3	0	0	0	0	1	0	3
McCaskill	2	0	0	0	1	0	0	1	1	1	0	0	1	0	2	0	5	0	1	0	0	0	0	0	1	4
McCaskill	3	1	0	0	0	0	3	3	2	0	2	0	1	0	5	0	9	1	0	0	0	0	1	0	2	4
McCaskill	3	1	2	0	0	0	2	4	6	2	2	0	3	0	10	2	24	4	1	0	0	2	7	1	2	13
McCaskill	3	0	0	0	0	0	1	0	0	0	0	0	0	0	0	0	0	0	0	0	0	0	0	0	0	0
McCaskill	0	0	0	0	0	0	1	0	0	0	0	0	0	0	0	0	0	0	0	0	0	0	0	0	0	0
McCaskill	2	0	2	0	5	0	0	1	4	0	2	0	2	0	5	5	12	0	4	0	0	2	2	2	1	4
McCaskill	2	0	1	0	1	0	0	0	1	0	0	0	0	0	1	0	1	0	1	0	0	0	0	0	1	0
McCaskill	2	0	2	0	2	0	0	1	4	0	2	0	2	0	5	1	8	0	3	0	0	0	2	0	1	5
McCaskill	0	0	2	0	0	0	0	1	2	0	0	0	0	0	3	0	5	1	0	0	0	1	0	0	1	2
McCaskill	0	0	1	1	0	0	0	1	1	0	0	0	0	0	2	0	3	0	0	0	0	0	0	1	1	2
McCaskill	0	0	0	0	0	0	1	0	0	0	0	0	0	0	0	0	0	0	0	0	0	0	0	0	0	0
McCaskill	1	0	3	1	2	0	0	0	6	0	3	0	3	0	6	1	11	1	1	0	0	0	2	0	2	6
McCaskill	2	0	1	0	2	0	0	0	2	0	1	0	1	0	2	2	12	5	1	0	0	1	1	0	0	3
McCaskill	2	0	0	0	0	0	1	0	0	0	0	0	0	0	0	0	1	1	0	0	0	0	0	0	0	0
McCaskill	2	0	1	0	2	0	0	3	1	0	0	0	0	0	4	0	11	2	1	0	0	0	1	0	1	5
McCaskill	2	0	0	0	0	0	1	0	0	0	0	0	0	0	0	1	5	4	0	0	0	4	0	1	0	0
McCaskill	0	1	0	0	2	0	0	0	1	0	0	1	0	1	1	0	7	3	1	0	0	0	0	1	0	3
McCaskill	2	0	0	0	0	0	1	0	0	0	0	0	0	0	0	1	2	1	0	0	0	1	0	1	0	0
McCaskill	1	0	0	0	1	0	0	0	1	1	0	0	1	0	1	1	2	0	1	0	0	1	0	0	0	1
McCaskill	2	0	2	0	3	0	0	1	4	2	0	0	1	1	5	0	10	4	0	0	0	1	0	1	0	4
McCaskill	2	0	0	0	3	0	0	5	3	1	2	0	2	1	8	1	14	2	2	0	0	1	2	0	1	9
McCaskill	0	0	0	0	2	0	1	0	0	0	0	0	0	0	0	0	0	0	1	0	0	0	0	0	0	0
McCaskill	2	0	0	0	1	0	0	2	2	2	0	0	1	1	4	0	8	2	1	0	0	0	0	1	0	4
McCaskill	2	1	1	0	2	0	1	0	2	0	1	0	1	0	2	0	8	5	3	0	0	0	0	0	0	1
McCaskill	2	0	1	0	1	0	0	0	3	2	0	0	2	0	3	0	4	0	0	0	0	0	1	0	1	3
McCaskill	2	0	0	0	0	0	0	2	1	1	0	0	0	1	3	0	6	2	0	0	0	0	0	0	1	3
McCaskill	2	1	1	0	1	0	0	2	4	0	3	0	2	0	6	1	13	2	3	0	0	2	2	2	2	7
McCaskill	2	0	0	0	1	0	0	0	1	0	1	0	0	0	1	0	2	1	0	0	0	0	0	0	0	0
McCaskill	2	0	0	0	0	0	0	0	1	1	0	0	0	1	1	0	2	0	0	0	0	0	0	0	0	1
McCaskill	2	0	0	0	0	0	1	5	0	0	0	0	0	0	5	0	8	2	0	0	0	3	1	0	0	2
McCaskill	2	0	0	0	0	0	1	1	1	1	0	0	0	1	2	0	2	0	0	0	0	0	0	0	0	2
McCaskill	2	1	0	0	3	0	0	3	3	1	2	0	1	1	6	2	15	5	4	0	0	1	1	0	1	5
McCaskill	0	0	1	0	0	0	1	0	1	0	0	0	0	0	1	0	5	3	1	0	0	2	1	0	1	1
McCaskill	0	0	1	0	1	0	1	0	2	1	0	0	1	0	2	1	6	1	0	0	0	3	1	1	0	2
McCaskill	2	0	0	0	5	0	0	1	3	3	0	0	3	0	4	0	6	0	8	0	0	0	1	1	1	5
McCaskill	2	0	1	0	2	0	0	1	2	0	1	0	1	0	3	0	5	1	0	0	0	0	0	0	1	3
McCaskill	2	0	0	0	0	0	0	0	0	0	0	0	0	0	0	0	1	0	0	0	0	0	1	0	0	0
McCaskill	2	0	1	0	1	0	0	1	3	0	2	0	2	0	4	2	14	6	1	0	0	3	2	1	0	6
McCaskill	2	0	0	0	0	0	0	1	1	1	0	0	1	0	2	2	7	2	0	0	0	0	0	1	0	3
McCaskill	2	0	2	0	1	0	0	1	3	0	1	0	1	0	4	1	8	2	1	0	0	2	1	0	0	3
McCaskill	2	0	1	0	3	0	0	1	2	0	1	0	1	0	3	0	7	3	1	0	0	0	1	0	0	3
McCaskill	0	0	0	0	0	0	2	0	0	0	0	0	0	0	0	0	0	0	1	0	0	0	0	0	0	0
McCaskill	1	0	1	0	5	0	1	3	5	2	2	0	3	1	8	2	16	4	2	0	0	2	1	0	0	6
McCaskill	0	1	0	0	0	0	0	0	0	0	0	0	0	0	0	0	4	1	1	0	0	1	1	0	0	1
McCaskill	0	0	0	0	0	0	0	0	0	0	0	0	0	0	0	0	1	1	0	0	0	0	0	0	0	0
McCaskill	1	0	1	0	1	0	1	0	4	0	3	1	1	1	4	1	11	4	1	0	0	2	2	1	2	2
McCaskill	0	0	0	0	0	0	0	1	1	1	0	0	1	0	2	1	5	0	0	0	0	1	0	0	1	3
McCaskill	1	0	0	0	0	0	0	1	1	0	1	0	1	0	2	2	10	2	1	0	0	2	4	0	0	4
McCaskill	0	0	0	0	2	0	0	0	0	0	0	0	0	0	0	0	3	3	2	0	0	0	0	0	0	0
McCaskill	1	0	1	0	0	0	1	2	1	0	0	0	0	0	3	0	5	1	0	0	0	0	1	0	0	2
McCaskill	2	0	0	0	2	0	0	0	2	0	2	0	1	0	2	0	3	1	2	0	0	0	0	0	0	1
McCaskill	1	1	1	0	0	0	2	1	3	0	2	0	2	0	4	0	9	1	2	0	0	1	1	1	0	4
McCaskill	0	0	1	0	0	0	1	2	2	0	1	0	1	0	4	4	12	0	0	0	0	1	1	4	1	6
McCaskill	0	0	0	0	2	0	0	1	2	0	2	0	2	0	3	0	6	0	1	0	0	0	0	0	0	5
McCaskill	0	0	0	0	1	0	0	0	0	0	0	0	0	0	0	0	0	0	1	0	0	0	0	0	0	0
McCaskill	0	0	0	1	4	0	0	4	3	0	2	2	1	2	7	4	22	6	5	0	0	0	4	1	1	9
McCaskill	0	0	0	0	1	0	0	0	0	0	0	0	0	0	0	0	0	0	2	0	0	0	0	0	0	0
McCaskill	1	0	0	0	0	0	0	0	2	0	2	0	2	0	2	0	3	0	0	0	0	0	0	0	0	3
McCaskill	1	0	2	1	1	0	0	3	2	0	0	0	0	0	5	0	7	2	1	0	0	3	0	1	0	1
McCaskill	1	0	0	1	3	0	0	0	1	0	1	0	0	0	1	0	3	1	1	0	0	0	0	1	1	1
McCaskill	2	0	1	0	1	0	0	0	2	0	1	0	1	0	2	1	6	0	0	0	0	1	2	1	2	2
McCaskill	2	0	0	0	0	0	0	0	1	0	1	0	1	0	1	1	6	1	0	0	0	2	2	1	2	2
McCaskill	2	0	0	0	0	0	0	0	0	0	0	0	0	0	0	0	0	0	0	0	0	0	0	0	0	0
McCaskill	0	0	0	0	1	0	0	0	0	0	0	0	0	0	0	0	0	0	1	0	0	0	0	0	0	0
McCaskill	1	1	0	1	0	0	0	0	0	0	0	0	0	0	0	0	3	2	0	0	0	1	0	0	0	0
McCaskill	2	0	1	0	7	0	0	5	2	1	0	0	1	0	7	3	13	1	5	0	0	0	0	0	2	7
McCaskill	0	0	0	0	1	0	0	1	0	0	0	0	0	0	1	0	2	0	0	0	0	0	1	0	1	1
McCaskill	2	0	0	0	1	0	0	1	0	0	0	0	0	0	1	0	7	2	0	0	0	0	2	0	0	5
McCaskill	2	0	0	0	0	0	1	3	2	1	1	0	1	1	5	1	8	1	1	0	0	1	1	0	1	6
McCaskill	0	1	0	1	0	0	0	1	0	0	0	0	0	0	1	0	3	0	0	0	0	0	1	0	1	2
McCaskill	2	0	0	0	2	0	0	1	0	0	0	0	0	0	1	1	7	2	2	0	0	2	1	0	1	3
McCaskill	2	2	0	0	3	0	0	1	2	0	2	0	2	0	3	0	10	2	2	0	0	4	1	0	0	6
McCaskill	2	0	0	0	0	0	0	1	0	0	0	0	0	0	1	0	2	1	1	0	0	0	0	0	0	0
McCaskill	2	0	0	0	1	0	1	2	1	0	1	0	1	0	3	3	7	3	1	0	0	1	0	1	0	2
McCaskill	2	1	0	0	2	0	0	0	1	0	1	0	1	0	1	0	7	2	1	0	0	0	0	0	1	3
McCaskill	2	0	0	0	1	0	0	0	0	0	0	0	0	0	0	0	1	1	0	0	0	0	0	0	0	0
McCaskill	0	0	1	0	1	0	2	0	2	0	1	0	1	0	2	2	7	4	0	0	0	0	0	0	0	1
McCaskill	0	0	0	0	1	0	0	1	1	1	0	0	0	1	2	0	7	2	0	0	0	0	1	2	0	4
McCaskill	0	0	1	1	0	0	0	1	2	1	0	0	0	1	3	2	11	3	0	0	0	0	2	0	1	3
McCaskill	0	0	0	0	0	0	1	1	0	0	0	0	0	0	1	1	5	2	0	0	0	1	1	0	0	2
McCaskill	2	0	0	0	4	0	0	2	1	0	1	0	1	0	3	0	11	5	2	0	0	1	0	1	1	6
McCaskill	0	0	0	0	1	0	0	0	0	0	0	0	0	0	0	0	1	1	0	0	0	0	0	0	1	0
McCaskill	2	0	0	0	0	0	0	1	0	0	0	0	0	0	1	0	2	1	0	0	0	1	0	0	0	0
McCaskill	0	0	0	0	1	0	0	0	0	0	0	0	0	0	0	0	0	0	0	0	0	0	0	0	0	0
McCaskill	2	0	2	0	3	0	0	1	5	2	1	0	1	2	6	1	12	1	1	0	0	0	2	0	1	7
McCaskill	2	0	0	0	0	0	1	0	1	0	0	1	0	1	1	1	3	1	0	0	0	0	0	0	0	0
McCaskill	0	0	0	0	0	0	1	0	0	0	0	0	0	0	0	0	0	0	0	0	0	0	0	0	0	0
McCaskill	2	0	3	0	4	0	0	1	7	2	2	0	4	0	8	2	19	3	1	0	0	1	3	2	3	9
McCaskill	2	0	0	0	0	0	0	1	0	0	0	0	0	0	1	0	1	0	0	0	0	0	0	0	0	0
McCaskill	2	0	1	0	0	0	1	0	1	0	0	0	0	0	1	0	4	2	0	0	0	0	1	0	0	1
McCaskill	2	1	0	0	0	0	0	3	0	0	0	0	0	0	3	1	13	2	0	0	0	2	3	0	3	8
McCaskill	2	0	1	0	1	0	0	1	2	0	1	0	1	0	3	0	5	1	0	0	0	0	0	0	1	3
McCaskill	0	1	0	0	1	0	0	2	1	0	1	0	1	0	3	1	9	4	2	0	0	2	1	0	0	2
McCaskill	1	0	0	0	1	0	0	1	2	2	0	0	1	1	3	0	4	0	2	0	0	0	0	1	1	4
McCaskill	1	0	0	0	0	0	1	2	0	0	0	0	0	0	2	1	6	2	1	0	0	2	0	0	1	2
McCaskill	0	0	0	0	0	0	1	0	0	0	0	0	0	0	0	1	1	0	0	0	0	0	0	0	0	0
McCaskill	2	0	0	0	2	0	0	0	2	2	0	0	2	0	2	1	3	0	2	0	0	0	0	0	0	2
McCaskill	1	0	1	0	3	0	0	1	1	0	0	0	0	0	2	2	6	4	1	0	0	2	1	0	0	0
McCaskill	2	0	0	0	1	0	0	0	2	0	2	0	1	0	2	2	6	3	1	0	0	0	0	0	1	1
McCaskill	2	0	1	0	1	0	0	1	2	0	1	0	1	0	3	1	12	3	0	0	0	1	2	0	1	5
McCaskill	2	0	0	1	0	0	0	2	0	0	0	0	0	0	2	0	4	0	0	0	0	0	2	0	1	1
McCaskill	2	0	0	0	0	0	0	0	0	0	0	0	0	0	0	1	2	2	0	0	0	1	0	0	0	0
McCaskill	2	0	0	0	0	0	0	1	1	0	1	0	1	0	2	0	4	0	0	0	0	0	2	0	0	3
McCaskill	2	0	0	0	0	0	1	0	0	0	0	0	0	0	0	1	3	2	0	0	0	0	0	0	0	0
McCaskill	0	0	0	0	0	0	1	0	0	0	0	0	0	0	0	0	0	0	0	0	0	0	0	0	0	0
McCaskill	0	0	0	0	0	0	1	0	0	0	0	0	0	0	0	0	0	0	0	0	0	0	0	0	0	0
McCaskill	0	0	0	0	3	0	0	0	1	1	0	0	1	0	1	0	3	0	4	0	0	0	0	0	0	2
McCaskill	2	0	4	0	3	0	0	1	7	1	2	0	3	0	8	1	17	2	2	0	0	1	1	1	3	10
McCaskill	1	0	1	0	0	0	1	1	2	0	1	0	0	0	3	1	8	2	0	0	0	2	1	1	0	2
McCaskill	2	0	0	0	1	0	0	0	0	0	0	0	0	0	0	0	0	0	3	0	0	0	0	0	0	0
McCaskill	0	0	0	0	1	0	0	0	0	0	0	0	0	0	0	1	1	0	1	0	0	0	0	0	0	0
McCaskill	2	0	1	0	4	0	0	3	5	4	0	0	3	1	8	3	21	3	2	0	0	3	3	1	4	11
McCaskill	0	0	0	0	1	0	0	0	0	0	0	0	0	0	0	0	0	0	1	0	0	0	0	0	0	0
McCaskill	0	0	0	0	1	0	0	2	1	0	1	0	1	0	3	0	4	0	0	0	0	0	1	0	1	3
McCaskill	0	0	0	0	0	0	0	0	1	0	1	0	1	0	1	2	4	0	0	0	0	0	1	0	1	2
McCaskill	0	0	0	0	1	0	0	0	0	0	0	0	0	0	0	0	0	0	2	0	0	1	0	0	0	0
McCaskill	0	0	0	0	1	0	0	0	0	0	0	0	0	0	0	0	0	0	1	0	0	0	0	0	0	0
McCaskill	0	0	0	0	0	0	1	0	1	0	1	0	0	0	1	0	4	2	0	0	0	1	0	0	0	0
McCaskill	2	0	0	0	0	0	1	3	2	2	0	0	0	2	5	0	11	4	1	0	0	2	1	0	2	5
McCaskill	2	0	0	0	3	0	0	0	4	3	1	0	4	0	4	1	7	0	2	0	0	1	0	2	2	6
McCaskill	2	0	0	0	0	0	0	0	1	1	0	0	1	0	1	1	4	0	0	0	0	0	0	1	1	3
McCaskill	2	1	0	0	0	0	0	2	1	1	0	0	1	0	3	0	8	2	0	0	0	1	0	0	1	4
McCaskill	2	1	1	0	1	0	1	1	1	0	0	0	0	0	2	2	8	1	1	0	0	1	3	1	1	2
McCaskill	2	0	1	0	2	0	0	2	1	0	0	0	0	0	3	1	6	1	2	0	0	1	3	0	0	2
McCaskill	2	1	0	0	1	1	1	3	0	0	0	0	0	0	3	0	10	1	0	0	0	1	3	1	1	6
McCaskill	2	1	0	0	0	0	1	0	1	0	1	0	1	0	1	0	5	2	0	0	0	1	0	0	0	1
McCaskill	2	3	0	1	1	0	0	3	4	2	2	0	4	0	7	1	20	4	1	0	0	4	4	2	2	11
McCaskill	2	1	0	0	0	0	1	0	0	0	0	0	0	0	0	1	7	2	0	0	0	0	1	0	1	2
McCaskill	3	0	1	1	0	0	0	0	2	0	0	1	1	0	2	2	11	0	0	0	0	0	4	4	1	7
McCaskill	2	1	0	0	2	0	0	0	1	0	0	1	1	0	1	0	7	0	2	0	0	0	5	2	2	6
McCaskill	3	2	0	1	2	1	0	0	2	0	0	2	2	0	2	0	13	5	2	0	0	1	3	1	1	5
McCaskill	1	0	0	0	0	0	1	0	1	1	0	0	1	0	1	0	1	0	0	0	0	0	0	0	0	1
McCaskill	1	0	0	0	0	0	1	0	1	1	0	0	1	0	1	0	1	0	0	0	0	0	0	0	0	1
McCaskill	2	4	1	0	1	0	0	1	1	0	0	0	0	0	2	0	12	4	0	0	0	1	3	1	3	3
McCaskill	2	1	0	0	0	0	0	1	0	0	0	0	0	0	1	1	4	1	0	0	0	1	1	1	0	1
McCaskill	2	0	0	0	0	0	0	1	0	0	0	0	0	0	1	0	4	1	0	0	0	0	0	1	1	3
McCaskill	2	1	0	0	0	0	1	1	0	0	0	0	0	0	1	1	6	1	0	0	0	2	1	0	1	2
McCaskill	2	1	0	0	1	0	0	0	0	0	0	0	0	0	0	0	7	1	1	0	0	0	2	0	3	4
McCaskill	2	2	1	0	0	0	1	5	2	0	0	1	0	1	7	1	19	6	0	0	0	4	4	1	4	4
McCaskill	2	1	0	0	0	1	0	2	0	0	0	0	0	0	2	0	5	0	0	0	0	0	1	0	2	4
McCaskill	2	0	0	1	0	0	0	1	1	1	0	0	0	1	2	1	6	0	0	0	0	0	2	1	1	2
McCaskill	2	1	0	0	1	0	0	1	3	2	1	0	2	1	4	0	12	0	2	0	0	0	3	2	3	9
McCaskill	2	0	0	0	0	0	0	2	2	1	1	0	1	1	4	1	9	3	0	0	0	1	1	0	1	4
McCaskill	2	0	0	1	1	0	0	1	0	0	0	0	0	0	1	1	2	0	1	0	0	0	0	0	0	1
McCaskill	2	0	1	0	3	0	1	1	1	0	0	0	0	0	2	3	8	2	3	0	0	0	0	0	1	0
McCaskill	2	0	0	0	2	0	0	0	1	0	1	0	1	0	1	0	1	0	2	0	0	0	0	0	0	1
McCaskill	2	0	0	0	2	0	0	0	2	0	2	0	2	0	2	0	2	0	2	0	0	0	0	0	0	2
McCaskill	2	0	4	0	1	0	0	1	4	0	0	0	0	0	5	0	9	3	0	0	0	2	1	0	1	2
McCaskill	2	0	0	0	1	0	0	1	0	0	0	0	0	0	1	0	2	0	1	0	0	0	1	0	1	1
McCaskill	2	0	0	0	1	0	1	0	2	2	0	0	2	0	2	0	2	0	2	0	0	1	0	0	0	2
McCaskill	2	0	0	0	0	0	0	2	1	0	1	0	0	0	3	0	6	1	1	0	0	1	2	1	1	3
McCaskill	2	0	8	0	4	0	1	5	12	0	2	2	2	2	17	0	26	8	4	0	0	1	2	1	0	8
McCaskill	2	0	0	0	1	0	0	1	0	0	0	0	0	0	1	0	2	1	0	0	0	0	1	0	0	0
McCaskill	3	0	3	0	1	1	1	3	5	0	2	0	2	0	8	0	22	6	1	0	0	2	6	2	2	13
McCaskill	3	0	0	1	2	0	1	5	2	1	1	0	2	0	7	0	9	1	3	0	0	2	0	0	1	7
McCaskill	2	0	0	0	0	0	0	2	1	1	0	0	1	0	3	0	4	1	0	0	0	1	0	0	0	1
McCaskill	2	0	3	0	0	0	0	1	4	1	0	0	1	0	5	0	17	7	0	0	0	3	1	1	0	6
McCaskill	3	0	2	0	1	1	0	1	4	0	0	2	0	2	5	3	15	4	0	0	0	1	1	0	1	6
McCaskill	3	0	0	0	0	0	1	5	0	0	0	0	0	0	5	0	8	2	0	0	0	0	0	0	1	5
McCaskill	2	0	1	0	0	0	0	0	3	0	2	0	2	0	3	0	7	2	0	0	0	1	1	0	2	4
McCaskill	2	1	0	0	0	0	1	2	0	0	0	0	0	0	2	1	7	0	0	0	0	1	1	0	1	4
McCaskill	1	0	0	0	4	0	1	1	5	5	0	0	5	0	6	0	6	0	5	0	0	0	0	0	0	6
McCaskill	2	0	0	0	2	0	0	2	0	0	0	0	0	0	2	0	2	0	2	0	0	0	0	0	0	2
McCaskill	2	0	0	0	2	0	0	0	1	0	1	0	1	0	1	1	2	0	2	0	0	0	1	0	0	1
McCaskill	2	0	0	0	0	0	0	2	1	0	1	0	1	0	3	1	4	0	0	0	0	0	1	0	0	3
McCaskill	2	0	0	0	0	0	0	1	1	0	1	0	1	0	2	0	3	1	0	0	0	0	0	0	0	2
McCaskill	2	1	0	0	0	0	0	1	1	0	1	0	1	0	2	0	6	1	0	0	0	1	3	0	0	4
McCaskill	2	0	1	0	0	0	0	0	1	0	0	0	0	0	1	0	2	1	0	0	0	0	0	0	0	0
McCaskill	3	0	4	0	0	1	0	3	5	0	1	0	1	0	8	0	13	3	0	0	0	2	2	1	0	5
McCaskill	2	0	2	0	0	0	1	1	2	0	0	0	0	0	3	0	5	1	0	0	0	1	2	0	0	1
McCaskill	2	1	0	0	0	0	1	2	1	0	1	0	1	0	3	0	12	4	1	0	0	4	0	0	1	4
McCaskill	2	0	1	0	0	0	1	2	1	0	0	0	0	0	3	1	10	4	0	0	0	1	0	0	1	3
McCaskill	2	0	0	0	1	0	1	1	0	0	0	0	0	0	1	1	3	0	1	0	0	1	0	0	0	1
McCaskill	2	0	0	0	0	0	1	1	0	0	0	0	0	0	1	1	2	0	0	0	0	1	0	0	0	1
McCaskill	2	0	0	0	2	0	0	2	3	2	1	0	3	0	5	1	8	2	2	0	0	2	1	1	0	4
McCaskill	2	0	0	0	3	0	0	3	3	2	1	0	3	0	6	2	11	2	2	0	0	0	0	0	1	6
McCaskill	2	0	0	0	0	0	0	1	1	0	0	1	0	1	2	1	6	1	0	0	0	1	3	1	0	3
McCaskill	2	0	2	0	0	0	1	2	3	0	0	1	0	1	5	0	9	2	2	0	0	1	3	1	1	4
McCaskill	2	0	0	0	3	0	0	1	1	1	0	0	1	0	2	1	5	0	1	0	0	0	1	0	2	4
McCaskill	2	0	0	0	2	0	0	3	0	0	0	0	0	0	3	0	4	0	2	0	0	0	1	0	1	4
McCaskill	1	1	0	0	0	0	0	2	0	0	0	0	0	0	2	0	4	1	0	0	0	1	0	0	0	1
McCaskill	1	0	0	0	0	0	0	1	1	1	0	0	0	1	2	0	7	1	0	0	0	1	0	2	0	6
McCaskill	1	0	0	0	1	0	0	2	0	0	0	0	0	0	2	1	6	2	0	0	0	0	1	0	0	3
McCaskill	1	1	0	0	0	0	0	0	1	0	1	0	1	0	1	1	9	1	1	0	0	1	5	2	2	3
McCaskill	1	1	2	0	1	0	0	1	3	0	1	0	1	0	4	1	10	3	0	0	0	2	2	0	0	3
McCaskill	1	0	0	0	2	0	0	0	0	0	0	0	0	0	0	0	4	4	0	0	0	0	0	0	1	0
McCaskill	1	0	0	0	1	0	1	1	0	0	0	0	0	0	1	0	4	2	0	0	0	0	0	0	0	1
McCaskill	1	1	0	0	2	0	0	2	0	0	0	0	0	0	2	0	6	3	2	0	0	2	0	0	0	2
McCaskill	1	0	0	0	0	0	0	0	0	0	0	0	0	0	0	0	2	2	0	0	0	1	0	0	0	0
McCaskill	1	0	0	0	2	0	0	2	1	1	0	0	1	0	3	1	6	3	0	0	0	0	0	0	0	2
McCaskill	1	0	0	0	0	0	1	0	0	0	0	0	0	0	0	0	2	1	0	0	0	0	1	0	0	1
McCaskill	1	0	0	0	0	0	1	0	2	1	1	0	2	0	2	0	5	0	0	0	0	0	1	0	0	3
McCaskill	1	0	1	0	0	0	1	1	5	3	1	0	2	2	6	1	10	4	0	0	0	1	0	1	0	3
McCaskill	2	0	2	0	4	0	0	2	3	1	0	0	1	0	5	1	14	1	0	0	0	0	3	0	1	6
McCaskill	2	0	0	0	1	0	0	1	1	1	0	0	0	1	2	0	4	1	0	0	0	1	1	0	0	3
McCaskill	2	0	0	0	1	0	0	0	1	1	0	0	0	1	1	0	2	0	0	0	0	0	1	0	0	2
McCaskill	2	0	0	0	1	0	0	0	1	1	0	0	0	1	1	1	3	0	0	0	0	0	1	0	0	2
McCaskill	2	0	0	0	0	0	0	1	1	1	0	0	0	1	2	1	7	3	0	0	0	1	0	1	2	1
McCaskill	2	1	0	0	0	0	0	0	1	1	0	0	0	1	1	0	5	0	0	0	0	0	2	1	1	4
McCaskill	2	0	0	0	1	0	2	1	1	0	1	0	1	0	2	0	3	1	0	0	0	1	0	0	0	1
Pryor	0	0	0	0	1	0	1	0	1	0	1	0	1	0	1	0	1	0	0	0	0	0	0	0	0	1
Pryor	1	0	0	0	3	0	0	0	2	2	0	0	2	0	2	1	7	2	1	0	0	1	2	2	0	4
Pryor	0	0	0	0	1	0	0	0	0	0	0	0	0	0	0	0	1	1	1	0	0	0	0	0	0	0
Pryor	0	0	1	0	0	0	0	0	1	0	0	0	0	0	1	0	2	1	0	0	0	0	0	0	0	0
Pryor	0	0	0	0	0	0	0	0	1	0	1	0	1	0	1	0	3	2	0	0	0	1	0	0	0	1
Pryor	0	0	1	0	1	0	1	0	1	0	0	0	0	0	1	1	4	1	2	0	0	0	1	0	1	1
Pryor	0	0	1	1	0	0	0	0	1	0	0	0	0	0	1	0	3	2	0	0	0	1	0	0	0	0
Pryor	0	0	0	0	2	0	0	0	0	0	0	0	0	0	0	3	3	0	1	0	0	0	0	0	0	0
Pryor	0	0	0	0	2	0	0	0	3	0	3	0	3	0	3	0	3	0	2	0	0	0	0	0	0	3
Pryor	1	0	0	0	1	0	0	1	0	0	0	0	0	0	1	1	2	1	0	0	0	0	0	0	0	0
Pryor	0	0	0	0	1	0	0	0	2	1	0	1	1	1	2	2	5	0	1	0	0	0	2	0	0	3
Pryor	1	0	1	1	0	0	0	1	3	0	1	1	1	1	4	1	7	0	1	0	0	0	0	0	0	4
Pryor	0	0	0	0	3	0	0	1	1	0	1	0	0	0	2	1	4	1	1	0	0	2	1	1	0	1
Pryor	0	2	0	1	0	0	0	0	0	0	0	0	0	0	0	0	6	2	0	0	0	0	1	0	0	2
Pryor	0	1	0	0	2	0	0	0	1	0	1	0	1	0	1	2	6	2	1	0	0	2	1	0	0	2
Pryor	0	1	0	1	0	0	0	0	0	0	0	0	0	0	0	0	2	1	0	0	0	0	1	0	0	0
Pryor	0	0	0	0	0	0	1	0	0	0	0	0	0	0	0	0	0	0	0	0	0	0	0	0	0	0
Pryor	0	0	0	0	0	0	1	0	0	0	0	0	0	0	0	0	0	0	0	0	0	0	0	0	0	0
Pryor	0	0	0	0	0	0	1	0	0	0	0	0	0	0	0	0	0	0	1	0	0	0	0	0	0	0
Pryor	0	0	0	0	1	0	0	0	0	0	0	0	0	0	0	0	0	0	2	0	0	0	0	0	0	0
Pryor	0	0	0	0	0	0	1	0	0	0	0	0	0	0	0	0	0	0	0	0	0	0	0	0	0	0
Pryor	1	3	0	0	1	0	2	3	4	3	1	0	3	1	7	0	19	2	2	0	0	2	3	0	2	10
Pryor	0	0	1	0	0	0	1	1	1	0	0	0	0	0	2	2	7	2	0	0	0	1	1	0	1	2
Pryor	1	1	0	0	3	0	0	1	1	1	0	0	1	0	2	1	6	1	2	0	0	0	1	0	0	2
Pryor	0	0	0	1	0	0	0	2	0	0	0	0	0	0	2	0	3	0	0	0	0	0	0	0	1	3
Pryor	0	0	1	0	0	0	0	0	1	0	0	0	0	0	1	0	2	1	1	0	0	0	0	0	0	0
Pryor	0	0	0	0	0	0	1	0	0	0	0	0	0	0	0	1	1	0	0	0	0	0	0	0	0	0
Pryor	0	0	0	0	0	0	1	0	0	0	0	0	0	0	0	0	0	0	1	0	0	0	0	0	0	0
Pryor	0	1	0	0	0	0	0	0	1	0	1	0	0	0	1	0	7	2	0	0	0	0	0	2	1	1
Pryor	0	0	0	2	3	0	0	1	1	0	1	0	1	0	2	0	10	0	4	0	0	0	0	2	2	5
Pryor	0	0	2	1	1	0	0	3	2	0	0	0	0	0	5	0	9	2	1	0	0	0	0	0	2	5
Pryor	0	0	0	0	1	0	0	0	0	0	0	0	0	0	0	1	1	0	1	0	0	0	1	0	0	0
Pryor	1	0	0	1	2	0	0	1	0	0	0	0	0	0	1	2	4	0	1	0	0	0	2	0	0	2
Pryor	0	0	0	0	0	0	1	0	0	0	0	0	0	0	0	0	0	0	0	0	0	0	0	0	0	0
Pryor	1	0	0	1	0	0	0	0	1	0	0	1	0	1	1	1	3	0	0	0	0	0	0	0	1	2
Pryor	1	0	1	1	0	0	0	0	1	0	0	0	0	0	1	0	3	1	0	0	0	0	1	0	1	1
Pryor	1	0	0	0	0	0	1	0	1	0	1	0	1	0	1	0	3	0	0	0	0	0	1	1	1	3
Pryor	0	0	0	0	0	0	1	0	0	0	0	0	0	0	0	0	0	0	0	0	0	0	0	0	0	0
Pryor	1	0	0	0	2	0	1	2	2	2	0	0	0	2	4	0	9	3	2	0	0	1	0	0	0	4
Pryor	1	0	0	0	1	0	0	0	2	1	1	0	2	0	2	0	6	3	1	0	0	0	0	1	0	3
Pryor	1	0	1	0	3	0	1	1	6	1	4	0	4	0	7	5	19	0	0	0	0	3	5	4	3	10
Pryor	0	0	2	0	0	0	0	1	3	1	0	0	1	0	4	0	7	1	1	0	0	2	1	0	0	4
Pryor	0	0	0	0	0	0	1	0	0	0	0	0	0	0	0	0	3	2	1	0	0	0	0	0	0	0
Pryor	0	0	0	0	0	0	0	0	0	0	0	0	0	0	0	1	1	0	0	0	0	0	0	0	0	0
Pryor	1	1	0	0	4	0	0	0	3	2	1	0	3	0	3	2	13	3	3	0	0	2	2	4	0	5
Pryor	0	0	0	0	1	0	0	0	0	0	0	0	0	0	0	0	0	0	1	0	0	0	0	0	0	0
Pryor	1	1	0	0	2	0	1	2	7	4	3	0	7	0	9	1	19	4	2	0	0	4	1	3	0	11
Pryor	0	0	0	0	0	0	1	0	0	0	0	0	0	0	0	0	0	0	1	0	0	0	0	0	0	0
Pryor	0	0	1	0	3	0	0	1	1	0	0	0	0	0	2	0	5	3	1	0	0	0	0	0	0	1
Pryor	0	1	2	0	0	0	0	1	2	0	0	0	0	0	3	0	6	2	0	0	0	0	0	0	0	1
Pryor	0	1	2	0	0	0	0	1	2	0	0	0	0	0	3	1	6	0	0	0	0	0	0	0	1	2
Pryor	0	0	1	0	0	0	1	0	1	0	0	0	0	0	1	0	2	1	0	0	0	0	1	0	0	0
Pryor	0	0	0	1	1	0	0	3	1	0	1	0	1	0	4	0	6	1	0	0	0	0	1	0	2	5
Pryor	0	0	0	0	0	0	1	0	0	0	0	0	0	0	0	0	0	0	0	0	0	0	0	0	0	0
Pryor	1	0	2	0	1	0	0	0	5	2	1	0	1	1	5	0	6	1	2	0	0	1	0	0	0	1
Pryor	1	0	0	0	1	0	1	0	2	2	0	0	1	1	2	0	4	1	1	0	0	2	1	0	0	3
Pryor	0	0	0	1	0	0	0	1	0	0	0	0	0	0	1	0	5	1	0	0	0	0	1	1	0	4
Pryor	0	0	0	0	0	0	1	0	0	0	0	0	0	0	0	0	0	0	0	0	0	0	0	0	0	0
Pryor	0	1	2	0	2	0	1	2	4	2	0	0	1	1	6	2	13	3	1	0	0	1	2	0	0	4
Pryor	0	1	0	0	0	0	0	1	0	0	0	0	0	0	1	0	4	2	0	0	0	0	0	0	0	0
Pryor	0	0	1	0	0	0	0	2	1	0	0	0	0	0	3	1	4	0	0	0	0	0	1	0	0	1
Pryor	0	1	1	1	2	0	1	1	1	0	0	0	0	0	2	1	8	1	0	0	0	1	3	0	3	4
Pryor	0	0	0	0	1	0	0	1	0	0	0	0	0	0	1	2	4	0	1	0	0	1	2	1	1	2
Pryor	0	0	2	0	2	0	0	1	2	0	0	0	0	0	3	2	6	2	0	0	0	0	0	0	0	0
Pryor	0	0	2	0	0	0	0	1	2	0	0	0	0	0	3	0	3	0	0	0	0	0	0	0	1	1
Pryor	0	1	0	0	2	0	1	0	0	0	0	0	0	0	0	0	6	4	0	0	0	0	1	0	0	1
Pryor	0	0	4	0	1	0	0	1	4	0	0	0	0	0	5	1	8	2	0	0	0	0	0	0	0	1
Pryor	0	0	0	0	1	0	0	1	0	0	0	0	0	0	1	1	4	1	0	0	0	0	1	0	0	1
Pryor	0	0	1	0	1	0	0	0	1	0	0	0	0	0	1	1	2	0	0	0	0	1	1	1	0	0
Pryor	0	2	1	0	0	0	1	1	1	0	0	0	0	0	2	0	7	2	1	0	0	0	0	1	0	1
Pryor	0	0	1	0	3	0	0	2	1	0	0	0	0	0	3	0	4	0	2	0	0	0	1	0	3	3
Pryor	0	0	0	0	1	0	0	0	0	0	0	0	0	0	0	0	0	0	1	0	0	0	0	0	0	0
Pryor	0	0	1	0	1	0	0	1	1	0	0	0	0	0	2	0	3	0	2	0	0	0	1	0	0	2
Pryor	0	0	1	1	0	0	0	0	1	0	0	0	0	0	1	0	3	1	0	0	0	0	1	0	0	1
Pryor	0	0	0	1	0	0	0	1	0	0	0	0	0	0	1	0	2	0	0	0	0	0	1	0	2	2
Pryor	0	0	0	1	0	0	0	2	2	0	2	0	1	0	4	3	14	3	0	0	0	0	2	0	0	6
Pryor	1	0	0	0	1	0	0	1	0	0	0	0	0	0	1	2	6	1	0	0	0	0	1	0	1	2
Pryor	1	0	1	1	0	0	0	1	1	0	0	0	0	0	2	0	3	1	0	0	0	0	0	0	1	1
Pryor	0	0	0	0	0	0	1	0	0	0	0	0	0	0	0	0	0	0	0	0	0	0	0	0	0	0
Pryor	1	1	2	0	2	0	0	0	2	0	0	0	0	0	2	1	7	2	2	0	0	0	1	0	0	1
Pryor	1	0	0	0	0	0	1	0	0	0	0	0	0	0	0	0	1	1	0	0	0	1	0	0	0	0
Pryor	1	0	3	0	3	0	1	0	4	0	1	0	1	0	4	1	6	0	0	0	0	0	1	0	0	2
Pryor	0	0	0	1	1	0	0	3	0	0	0	0	0	0	3	0	8	1	1	0	0	0	2	0	1	6
Pryor	0	0	0	1	1	0	0	2	1	1	0	0	0	1	3	0	6	1	1	0	0	0	0	0	1	4
Pryor	1	0	0	0	1	0	0	1	0	0	0	0	0	0	1	0	3	0	1	0	0	0	1	0	0	2
Pryor	1	0	0	0	0	0	0	0	1	1	0	0	1	0	1	0	2	1	1	0	0	1	0	0	0	0
Pryor	1	0	1	0	1	0	0	2	2	1	0	0	1	0	4	0	10	3	0	0	0	1	3	0	2	6
Pryor	0	0	0	0	0	0	0	1	0	0	0	0	0	0	1	0	2	1	0	0	0	0	0	0	0	0
Pryor	0	0	0	0	1	0	0	0	0	0	0	0	0	0	0	1	1	0	0	0	0	1	0	0	0	0
Pryor	0	0	0	0	0	0	0	1	0	0	0	0	0	0	1	0	3	0	0	0	0	0	2	0	1	3
Pryor	0	0	2	0	0	0	0	2	3	0	1	0	1	0	5	1	11	2	2	0	0	0	1	1	2	4
Pryor	0	1	1	1	0	0	0	1	2	1	0	0	0	1	3	2	8	1	0	0	0	0	0	1	2	3
Pryor	1	1	0	0	1	0	0	0	1	0	1	0	1	0	1	0	4	0	0	0	0	0	0	0	1	3
Pryor	1	0	0	0	2	0	2	1	2	1	1	0	2	0	3	1	8	1	1	0	0	1	2	2	2	6
Pryor	0	0	0	0	1	0	0	0	0	0	0	0	0	0	0	1	1	0	1	0	0	0	0	0	0	0
Pryor	0	0	1	0	2	0	1	3	1	0	0	0	0	0	4	0	8	2	1	0	0	2	1	0	0	5
Pryor	0	0	1	0	1	0	0	1	3	0	0	2	2	0	4	0	6	1	1	0	0	1	0	0	1	4
Pryor	0	0	0	0	0	0	1	0	1	1	0	0	0	1	1	0	4	2	0	0	0	0	0	1	0	2
Pryor	0	0	1	0	1	0	0	2	2	0	0	1	1	0	4	2	10	1	0	0	0	1	1	0	1	4
Pryor	1	0	0	0	1	0	0	0	2	0	1	2	0	2	2	0	3	1	0	0	0	0	0	1	0	1
Pryor	1	1	0	0	1	0	0	0	0	0	0	0	0	0	0	0	3	0	0	0	0	0	0	0	0	2
Pryor	1	0	0	0	0	0	0	0	1	0	0	1	0	1	1	2	5	1	1	0	0	0	0	1	0	2
Pryor	1	0	0	0	1	0	0	0	0	0	0	0	0	0	0	1	1	0	1	0	0	0	0	0	0	0
Pryor	1	0	1	0	2	0	1	0	3	0	2	1	1	1	3	1	5	1	0	0	0	1	0	0	0	1
Pryor	1	0	0	0	5	0	0	1	1	1	0	0	1	0	2	2	11	7	0	0	0	2	1	0	1	2
Pryor	1	0	0	0	1	0	2	1	2	0	1	1	1	1	3	1	10	0	1	0	0	0	2	2	2	8
Pryor	1	0	1	0	2	0	0	0	3	1	0	1	1	1	3	4	12	3	0	0	0	1	4	1	2	6
Pryor	1	0	0	0	0	0	1	2	2	1	0	1	1	1	4	0	8	1	1	0	0	0	1	0	0	4
Pryor	0	0	0	0	1	0	0	0	1	1	0	0	1	0	1	0	2	0	0	0	0	1	1	0	1	1
Pryor	0	0	0	0	1	0	0	0	0	0	0	0	0	0	0	0	0	0	1	0	0	0	0	0	0	0
Pryor	0	0	1	0	0	0	0	0	1	0	0	0	0	0	1	2	4	0	0	0	0	1	2	0	1	1
Pryor	0	0	0	0	0	0	0	3	0	0	0	0	0	0	3	1	7	1	0	0	0	1	1	0	0	1
Pryor	1	0	0	0	2	0	0	0	3	1	2	0	3	0	3	2	8	0	2	0	0	2	2	0	1	6
Pryor	1	0	0	1	4	0	0	1	3	0	3	0	3	0	4	1	13	3	1	0	0	0	5	1	2	7
Pryor	0	0	0	0	4	0	1	0	4	0	4	0	3	0	4	1	6	1	1	0	0	0	0	0	0	3
Pryor	1	0	0	0	2	0	2	3	2	1	1	0	2	0	5	0	10	3	3	0	0	0	2	1	1	4
Pryor	1	2	0	0	0	0	2	1	2	0	2	0	2	0	3	2	16	3	0	0	0	0	1	1	2	7
